0,1
0,2
0,3
0,4
0,5
0,6
0,7
0,8
0,9
0,10
0,11
0,12
0,13
0,14
0,15
0,16
0,17
0,18
0,19
0,20
0,21
0,22
0,23
0,24
0,25
0,26
0,27
0,28
0,29
0,30
0,31
0,32
0,33
0,34
0,35
0,36
0,37
0,38
0,39
0,40
0,41
0,42
0,43
0,44
0,45
0,46
0,47
0,48
0,49
0,50
0,51
0,52
0,53
0,54
0,55
0,56
0,57
0,58
0,59
0,60
0,61
0,62
0,63
0,64
0,65
0,66
0,67
0,68
0,69
0,70
0,71
0,72
0,73
0,74
0,75
0,76
0,77
0,78
0,79
0,80
0,81
0,82
0,83
0,84
0,85
0,86
0,87
0,88
0,89
0,90
0,91
0,92
0,93
0,94
0,95
0,96
0,97
0,98
0,99
0,100
0,101
0,102
0,103
0,104
0,105
0,106
0,107
0,108
0,109
0,110
0,111
0,112
0,113
0,114
0,115
0,116
0,117
0,118
0,119
0,120
0,121
0,122
0,123
0,124
0,125
0,126
0,127
0,128
0,129
0,130
0,131
0,132
0,133
0,134
0,135
0,136
0,137
0,138
0,139
0,140
0,141
0,142
0,143
0,144
0,145
0,146
0,147
0,148
0,149
0,150
0,151
0,152
0,153
0,154
0,155
0,156
0,157
0,158
0,159
0,160
0,161
0,162
0,163
0,164
0,165
0,166
0,167
0,168
0,169
0,170
0,171
0,172
0,173
0,174
0,175
0,176
0,177
0,178
0,179
0,180
0,181
0,182
0,183
0,184
0,185
0,186
0,187
0,188
0,189
0,190
0,191
0,192
0,193
0,194
0,195
0,196
0,197
0,198
0,199
0,200
0,201
0,202
0,203
0,204
0,205
0,206
0,207
0,208
0,209
0,210
0,211
0,212
0,213
0,214
0,215
0,216
0,217
0,218
0,219
0,220
0,221
0,222
0,223
0,224
0,225
0,226
0,227
0,228
0,229
0,230
0,231
0,232
0,233
0,234
0,235
0,236
0,237
0,238
0,239
0,240
0,241
0,242
0,243
0,244
0,245
0,246
0,247
0,248
0,249
0,250
0,251
0,252
0,253
0,254
0,255
0,256
0,257
0,258
0,259
0,260
0,261
0,262
0,263
0,264
0,265
0,266
0,267
0,268
0,269
0,270
0,271
0,272
0,273
0,274
0,275
0,276
0,277
0,278
0,279
0,280
0,281
0,282
0,283
0,284
0,285
0,286
0,287
0,288
0,289
0,290
0,291
0,292
0,293
0,294
0,295
0,296
0,297
0,298
0,299
0,300
0,301
0,302
0,303
0,304
0,305
0,306
0,307
0,308
0,309
0,310
0,311
0,312
0,313
0,314
0,315
0,316
0,317
0,318
0,319
0,320
0,321
0,322
0,323
0,324
0,325
0,326
0,327
0,328
0,329
0,330
0,331
0,332
0,333
0,334
0,335
0,336
0,337
0,338
0,339
0,340
0,341
0,342
0,343
0,344
0,345
0,346
0,347
0,348
0,349
0,350
0,351
0,352
0,353
0,354
0,355
0,356
0,357
0,358
0,359
0,360
0,361
0,362
0,363
0,364
0,365
0,366
0,367
0,368
0,369
0,370
0,371
0,372
0,373
0,374
0,375
0,376
0,377
0,378
0,379
0,380
0,381
0,382
0,383
0,384
0,385
0,386
0,387
0,388
0,389
0,390
0,391
0,392
0,393
0,394
0,395
0,396
0,397
0,398
0,399
0,400
0,401
0,402
0,403
0,404
0,405
0,406
0,407
0,408
0,409
0,410
0,411
0,412
0,413
0,414
0,415
0,416
0,417
0,418
0,419
0,420
0,421
0,422
0,423
0,424
0,425
0,426
0,427
0,428
0,429
0,430
0,431
0,432
0,433
0,434
0,435
0,436
0,437
0,438
0,439
0,440
0,441
0,442
0,443
0,444
0,445
0,446
0,447
0,448
0,449
0,450
0,451
0,452
0,453
0,454
0,455
0,456
0,457
0,458
0,459
0,460
0,461
0,462
0,463
0,464
0,465
0,466
0,467
0,468
0,469
0,470
0,471
0,472
0,473
0,474
0,475
0,476
0,477
0,478
0,479
0,480
0,481
0,482
0,483
0,484
0,485
0,486
0,487
0,488
0,489
0,490
0,491
0,492
0,493
0,494
0,495
0,496
0,497
0,498
0,499
0,500
0,501
0,502
0,503
0,504
0,505
0,506
0,507
0,508
0,509
0,510
0,511
0,512
0,513
0,514
0,515
0,516
0,517
0,518
0,519
0,520
0,521
0,522
0,523
0,524
0,525
0,526
0,527
0,528
0,529
0,530
0,531
0,532
0,533
0,534
0,535
0,536
0,537
0,538
0,539
0,540
0,541
0,542
0,543
0,544
0,545
0,546
0,547
0,548
0,549
0,550
0,551
0,552
0,553
0,554
0,555
0,556
0,557
0,558
0,559
0,560
0,561
0,562
0,563
0,564
0,565
0,566
0,567
0,568
0,569
0,570
0,571
0,572
0,573
0,574
0,575
0,576
0,577
0,578
0,579
0,580
0,581
0,582
0,583
0,584
0,585
0,586
0,587
0,588
0,589
0,590
0,591
0,592
0,593
0,594
0,595
0,596
0,597
0,598
0,599
0,600
0,601
0,602
0,603
0,604
0,605
0,606
0,607
0,608
0,609
0,610
0,611
0,612
0,613
0,614
0,615
0,616
0,617
0,618
0,619
0,620
0,621
0,622
0,623
0,624
0,625
0,626
0,627
0,628
0,629
0,630
0,631
0,632
0,633
0,634
0,635
0,636
0,637
0,638
0,639
0,640
0,641
0,642
0,643
0,644
0,645
0,646
0,647
0,648
0,649
0,650
0,651
0,652
0,653
0,654
0,655
0,656
0,657
0,658
0,659
0,660
0,661
0,662
0,663
0,664
0,665
0,666
0,667
0,668
0,669
0,670
0,671
0,672
0,673
0,674
0,675
0,676
0,677
0,678
0,679
0,680
0,681
0,682
0,683
0,684
0,685
0,686
0,687
0,688
0,689
0,690
0,691
0,692
0,693
0,694
0,695
0,696
0,697
0,698
0,699
0,700
0,701
0,702
0,703
0,704
0,705
0,706
0,707
0,708
0,709
0,710
0,711
0,712
0,713
0,714
0,715
762,716
716,762
1320,762
762,1320
716,1320
1320,716
1059,1320
804,1059
1059,804
1200,1059
969,1200
1200,969
1090,1200
1200,1090
1153,969
969,1153
875,1090
1153,875
1153,1200
1153,1090
1320,1090
1469,762
1287,1469
1416,1287
1287,1416
0,1416
716,717
716,718
716,719
716,720
716,721
716,722
716,723
716,724
716,725
716,726
716,727
716,728
716,729
716,730
716,731
716,732
716,733
716,734
716,735
716,736
716,737
716,738
716,739
716,740
716,741
716,742
716,743
716,744
716,745
716,746
716,747
716,748
716,749
716,750
716,751
716,752
716,753
716,754
716,755
716,756
716,757
716,758
716,759
716,760
716,761
762,763
762,764
762,765
762,766
762,767
762,768
762,769
762,770
762,771
762,772
762,773
762,774
762,775
762,776
762,777
762,778
762,779
762,780
762,781
762,782
762,783
762,784
762,785
762,786
762,787
762,788
762,789
762,790
762,791
762,792
762,793
762,794
716,795
762,796
762,797
762,798
762,799
762,800
762,801
716,802
762,803
804,805
804,806
804,807
804,808
804,809
716,810
804,811
804,812
804,813
804,814
804,815
804,816
804,817
804,818
804,819
804,820
804,821
804,822
804,823
804,824
804,825
804,826
804,827
804,828
804,829
804,830
804,831
804,832
804,833
804,834
804,835
804,836
804,837
716,838
804,839
804,840
804,841
804,842
804,843
804,844
804,845
804,846
804,847
804,848
716,849
804,850
804,851
804,852
804,853
804,854
804,855
804,856
804,857
716,858
804,859
804,860
804,861
804,862
804,863
804,864
804,865
804,866
804,867
804,868
804,869
804,870
804,871
804,872
762,873
804,874
875,876
875,877
875,878
875,879
875,880
875,881
875,882
875,883
875,884
875,885
875,886
875,887
875,888
875,889
875,890
875,891
875,892
762,893
875,894
875,895
875,896
875,897
875,898
875,899
875,900
875,901
875,902
875,903
875,904
875,905
875,906
875,907
875,908
875,909
875,910
875,911
875,912
875,913
875,914
875,915
875,916
875,917
875,918
804,919
875,920
875,921
875,922
875,923
875,924
716,925
875,926
875,927
875,928
875,929
875,930
875,931
875,932
875,933
875,934
875,935
875,936
875,937
875,938
875,939
875,940
875,941
875,942
875,943
804,944
875,945
875,946
875,947
875,948
875,949
875,950
875,951
804,952
875,953
875,954
875,955
875,956
875,957
875,958
875,959
762,960
875,961
875,962
875,963
875,964
875,965
716,966
804,967
804,968
969,970
969,971
969,972
969,973
969,974
969,975
969,976
969,977
969,978
969,979
969,980
969,981
969,982
969,983
969,984
969,985
969,986
969,987
969,988
969,989
969,990
969,991
969,992
969,993
969,994
969,995
969,996
969,997
969,998
969,999
969,1000
969,1001
969,1002
969,1003
969,1004
969,1005
969,1006
969,1007
969,1008
969,1009
969,1010
969,1011
969,1012
969,1013
969,1014
969,1015
969,1016
969,1017
969,1018
969,1019
969,1020
969,1021
969,1022
969,1023
969,1024
969,1025
969,1026
969,1027
969,1028
969,1029
969,1030
969,1031
969,1032
969,1033
875,1034
969,1035
969,1036
969,1037
969,1038
969,1039
716,1040
969,1041
969,1042
969,1043
969,1044
875,1045
875,1046
969,1047
969,1048
716,1049
969,1050
969,1051
969,1052
875,1053
969,1054
969,1055
716,1056
969,1057
969,1058
1059,1060
1059,1061
1059,1062
1059,1063
1059,1064
1059,1065
1059,1066
1059,1067
1059,1068
1059,1069
1059,1070
1059,1071
1059,1072
1059,1073
1059,1074
1059,1075
1059,1076
1059,1077
1059,1078
1059,1079
804,1080
1059,1081
1059,1082
1059,1083
1059,1084
1059,1085
1059,1086
1059,1087
716,1088
1059,1089
1090,1091
1090,1092
1090,1093
1090,1094
1090,1095
1090,1096
1090,1097
1090,1098
1090,1099
1090,1100
1090,1101
1090,1102
1090,1103
1090,1104
1090,1105
1090,1106
1090,1107
1090,1108
1090,1109
1090,1110
1090,1111
1090,1112
1090,1113
1090,1114
1090,1115
1090,1116
1090,1117
1090,1118
1090,1119
1090,1120
1090,1121
1090,1122
1090,1123
1090,1124
1090,1125
1090,1126
1090,1127
1090,1128
1090,1129
1090,1130
1090,1131
1090,1132
1090,1133
1090,1134
1090,1135
875,1136
1059,1137
1090,1138
1090,1139
762,1140
716,1141
1059,1142
1090,1143
1090,1144
1090,1145
762,1146
1090,1147
1090,1148
1090,1149
1090,1150
1059,1151
969,1152
1153,1154
1153,1155
1153,1156
1153,1157
1153,1158
1153,1159
1153,1160
1153,1161
1153,1162
1153,1163
1153,1164
1153,1165
1153,1166
1153,1167
1153,1168
1153,1169
1153,1170
1153,1171
1153,1172
1153,1173
1153,1174
1153,1175
1153,1176
1153,1177
1153,1178
1153,1179
1153,1180
1153,1181
1153,1182
1153,1183
1153,1184
1153,1185
1153,1186
1153,1187
1153,1188
1059,1189
1153,1190
1153,1191
1153,1192
1153,1193
1153,1194
1153,1195
875,1196
1153,1197
1153,1198
1059,1199
1200,1201
1200,1202
1200,1203
1200,1204
1200,1205
1200,1206
1200,1207
1200,1208
1200,1209
1200,1210
1200,1211
1153,1212
1200,1213
1200,1214
1200,1215
1200,1216
1200,1217
1200,1218
1200,1219
1200,1220
1200,1221
1200,1222
1200,1223
1200,1224
1200,1225
1200,1226
1200,1227
1200,1228
1200,1229
1200,1230
1153,1231
1200,1232
1200,1233
1200,1234
1200,1235
1200,1236
1200,1237
1200,1238
1200,1239
1200,1240
1200,1241
1200,1242
1200,1243
1200,1244
969,1245
1200,1246
1200,1247
1200,1248
969,1249
1090,1250
1059,1251
1200,1252
1153,1253
1200,1254
875,1255
1200,1256
1090,1257
1200,1258
1059,1259
1200,1260
716,1261
1200,1262
1200,1263
1200,1264
1153,1265
1200,1266
1200,1267
1200,1268
969,1269
1200,1270
1200,1271
762,1272
1200,1273
1153,1274
1200,1275
804,1276
1200,1277
716,1278
1200,1279
1200,1280
969,1281
1153,1282
1153,1283
1200,1284
804,1285
969,1286
1287,1288
1287,1289
1287,1290
1287,1291
1287,1292
1153,1293
1287,1294
1287,1295
1287,1296
1287,1297
1287,1298
1287,1299
1287,1300
1287,1301
1287,1302
1287,1303
1287,1304
1287,1305
1287,1306
1287,1307
1287,1308
1287,1309
1287,1310
1287,1311
1287,1312
1287,1313
1090,1314
1153,1315
1090,1316
1287,1317
1287,1318
716,1319
1320,1321
1320,1322
1320,1323
1320,1324
1320,1325
1320,1326
1320,1327
1320,1328
1320,1329
1320,1330
1320,1331
1320,1332
1320,1333
1320,1334
1320,1335
1320,1336
1320,1337
1320,1338
1320,1339
1320,1340
1320,1341
1320,1342
1320,1343
1320,1344
1320,1345
1320,1346
1320,1347
1320,1348
1320,1349
1320,1350
1320,1351
1320,1352
762,1353
1320,1354
804,1355
1320,1356
762,1357
1320,1358
1320,1359
1320,1360
1320,1361
1320,1362
969,1363
1320,1364
804,1365
1059,1366
1320,1367
1090,1368
762,1369
1200,1370
804,1371
1320,1372
875,1373
0,1374
1374,1375
1374,1376
1374,1377
1374,1378
1374,1379
1374,1380
1374,1381
1374,1382
1374,1383
969,1384
1374,1385
1374,1386
1153,1387
1374,1388
1200,1389
1374,1390
1090,1391
1287,1392
762,1393
1320,1394
1059,1395
1374,1396
1374,1397
1059,1398
1374,1399
1374,1400
1374,1401
969,1402
1374,1403
1374,1404
1153,1405
1320,1406
1090,1407
1374,1408
875,1409
1374,1410
804,1411
1287,1412
1320,1413
1374,1414
804,1415
1416,1417
1416,1418
1416,1419
1416,1420
1416,1421
1320,1422
1416,1423
1200,1424
1416,1425
1416,1426
1416,1427
1416,1428
1416,1429
1416,1430
1416,1431
1320,1432
1416,1433
1416,1434
1416,1435
1320,1436
1416,1437
1416,1438
1416,1439
1416,1440
1153,1441
1416,1442
1416,1443
1416,1444
1416,1445
1416,1446
1416,1447
1416,1448
1416,1449
1416,1450
1416,1451
1320,1452
1416,1453
1153,1454
875,1455
1416,1456
1416,1457
1200,1458
875,1459
1059,1460
1287,1461
1153,1462
1416,1463
804,1464
1059,1465
875,1466
1416,1467
1374,1468
1469,1470
1153,1471
1320,1472
1469,1473
1200,1474
1469,1475
1090,1476
1320,1477
1469,1478
1287,1479
1469,1480
1469,1481
1469,1482
1469,1483
1469,1484
1469,1485
1469,1486
1469,1487
969,1488
1469,1489
1090,1490
1469,1491
1469,1492
1469,1493
1469,1494
1469,1495
1469,1496
1200,1497
1287,1498
1469,1499
716,1500
1320,1501
1287,1502
1059,1503
1374,1504
1320,1505
1469,1506
1374,1507
1469,1508
1374,1509
1469,1510
1090,1511
716,1512
1059,1513
1287,1514
1469,1515
1469,1516
1287,1517
1090,1518
1090,1519
1469,1520
1287,1521
1469,1522
1320,1523
1469,1524
1090,1525
1416,1526
1469,1527
716,1528
1469,1529
1320,1530
716,1531
969,1532
716,1533
1287,1534
875,1535
875,1536
969,1537
716,1538
1320,1539
1059,1540
1416,1541
1374,1542
716,1543
1200,1544
1374,1545
1059,1546
1320,1547
1059,1548
1059,1549
1059,1550
1374,1551
1469,1552
1320,1553
762,1554
1059,1555
762,1556
1287,1557
762,1558
1320,1559
969,1560
875,1561
1287,1562
875,1563
1059,1564
1469,1565
1153,1566
1374,1567
1200,1568
0,1569
716,1570
875,1571
875,1572
1374,1573
1374,1574
1469,1575
1416,1576
1090,1577
875,1578
1090,1579
1153,1580
875,1581
804,1582
875,1583
1416,1584
804,1585
716,1586
13409.8
