0,1
1672,2
1230,1672
516,1230
1202,516
512,1202
1953,512
512,1953
1202,512
1953,1202
847,1953
742,847
847,742
1933,847
847,1933
742,1933
1920,1933
852,1920
100,852
857,100
100,857
852,100
342,857
1196,342
342,1196
100,1196
342,100
857,342
1196,100
100,342
1196,857
1137,857
141,1137
1137,141
278,141
141,278
432,141
141,432
432,278
278,432
432,1137
201,1137
938,201
201,938
430,201
1770,430
430,1770
83,1770
1770,83
430,83
949,83
83,949
201,430
107,201
201,107
1137,201
76,278
1113,76
1809,1113
1113,1809
76,1809
321,1113
1114,321
321,1114
387,1114
1114,387
76,387
76,1113
1809,76
387,321
755,1809
1406,755
755,1406
1711,755
755,1711
1413,755
1711,1413
755,1413
1413,1711
1288,1413
1398,1288
1288,1398
1280,1288
1288,1280
1394,1280
618,1394
1394,618
1406,618
1111,618
1152,1111
1406,1152
1280,1394
1288,1394
1394,1111
1111,1394
1711,1152
1398,1711
1280,618
1111,1413
1398,1280
1398,755
5,618
1711,5
1111,5
1288,618
618,1152
1152,5
1413,5
1836,1111
89,1836
1836,89
1111,1836
1394,5
618,1111
1398,1406
1280,5
1842,89
89,1842
5,1111
1413,618
5,1711
1809,1413
72,1842
1842,72
618,5
1842,1836
608,618
618,608
1394,1413
5,1394
1398,618
5,1152
42,321
1388,42
42,1388
1368,42
1388,1368
42,1368
949,1368
1113,1114
1288,1711
76,1114
926,1111
546,926
486,546
546,486
926,486
926,546
486,926
1157,546
546,1157
435,486
486,435
1836,486
1388,321
387,76
201,949
430,141
1114,1113
1398,5
938,1137
1180,1809
192,1180
1180,192
1049,192
493,1049
263,493
493,263
1049,493
192,1049
1180,1049
396,192
192,396
396,1180
1781,396
396,1781
1049,396
241,1781
1781,241
1189,1180
1180,1189
1049,1180
463,241
241,463
682,1781
1054,682
630,1054
1054,630
682,1054
630,682
625,682
682,625
682,630
241,1054
192,1189
396,1049
682,241
39,263
483,39
39,483
390,483
99,390
483,99
390,99
99,483
263,39
241,630
463,682
483,390
1781,682
240,39
489,240
240,489
649,240
654,649
649,654
258,654
654,258
240,649
240,654
489,654
258,649
649,258
654,240
654,489
489,649
240,258
258,489
346,649
322,346
346,322
126,322
322,126
126,346
426,346
346,426
938,426
241,682
630,241
1406,1809
1781,1189
426,938
1809,321
387,1809
1398,1111
618,1280
325,1180
153,325
325,153
142,325
325,142
1189,325
241,396
13,625
1077,13
458,1077
637,458
1794,637
637,1794
458,637
458,1794
1794,458
1077,1794
13,1077
2336,13
13,2336
1829,13
2336,1829
1077,1829
360,1794
1794,360
13,1829
2336,1077
1077,458
625,13
1836,1842
327,390
99,327
430,1137
1180,682
489,258
1280,1711
1189,142
637,1077
1836,618
1049,1781
1406,5
237,625
625,237
83,430
1189,192
1368,949
613,278
1398,613
1711,1394
1711,1288
192,1781
649,39
1113,387
321,1809
945,141
426,945
56,237
397,56
189,397
397,189
196,189
1174,196
119,1174
454,119
119,454
1174,119
196,1174
397,1174
56,397
196,119
215,119
119,215
1180,454
463,1054
1770,201
1288,5
1829,2336
649,489
1113,1406
1152,1394
752,72
2476,752
752,2476
132,2476
2476,132
72,752
1141,107
939,1141
1139,939
939,1139
29,939
389,29
29,389
939,29
29,1139
1141,939
29,1141
939,389
1139,29
1141,29
1141,1139
389,1139
656,1139
389,656
656,29
389,1141
389,939
678,389
290,678
1149,290
290,1149
678,1149
678,290
61,1149
243,61
1571,243
243,1571
174,1571
1571,174
61,243
1571,61
1149,243
1149,1571
1149,678
678,243
212,290
1308,212
212,1308
291,1308
212,291
1308,291
291,212
174,1308
1149,61
1605,291
656,1605
1587,1308
11,1587
1594,11
1316,1594
1594,1316
11,1594
1605,1316
243,1149
107,1139
330,483
1093,330
330,1093
47,1093
1093,47
37,330
393,37
1745,393
393,1745
37,393
53,1745
1745,53
53,393
393,53
329,393
480,329
329,480
37,329
37,480
37,1745
480,37
1745,37
1745,480
329,37
44,53
393,44
330,37
47,330
53,44
53,329
37,53
493,1745
39,649
432,76
1829,1077
1809,1406
360,637
1139,389
1398,1413
84,44
257,84
84,257
115,257
358,115
115,358
394,115
115,394
358,394
654,394
390,327
327,99
755,5
241,1049
630,1781
1413,1809
1745,44
1137,432
1163,393
269,1163
1163,269
105,269
269,105
105,1163
1163,105
217,1163
340,217
217,340
135,217
217,135
340,135
341,340
281,341
341,281
349,341
341,349
349,281
33,341
349,33
33,281
341,33
1488,349
19,1488
1488,19
929,19
19,929
359,929
131,359
1034,131
131,1034
359,131
1034,359
359,1034
922,359
102,922
922,102
1465,102
929,1465
929,1488
102,1465
246,1488
249,246
757,249
386,757
747,386
386,747
757,386
692,386
386,692
757,747
747,757
488,386
757,488
747,692
488,757
757,692
246,692
246,249
1488,692
692,747
435,102
278,76
142,153
33,349
1157,486
1077,637
1368,1388
489,39
692,757
454,397
1413,1394
339,488
488,339
76,613
613,76
243,290
1065,493
87,1065
1065,87
634,1065
52,634
634,52
361,634
52,361
361,52
460,52
361,460
634,361
52,460
87,634
460,361
258,1065
678,61
1406,1280
196,397
493,39
144,132
132,144
1465,922
246,19
61,1571
327,1745
1605,1587
117,1163
1163,117
1034,1794
1152,618
1054,463
1280,1406
321,387
201,321
1152,1280
1587,212
42,1114
1180,396
2164,1174
1087,2164
2164,1087
464,2164
2164,464
1082,1087
1087,1082
2164,1082
1082,2164
103,1087
1087,103
1082,103
672,103
103,672
103,1082
103,2164
464,1087
548,103
1372,548
350,1372
1372,350
213,350
350,213
70,213
213,70
213,1372
1372,213
548,1372
1169,548
218,1169
676,218
218,676
672,218
2164,103
1174,1087
146,394
358,146
1065,634
755,1394
112,215
215,112
755,1288
922,1465
43,361
361,43
258,240
241,52
13,237
5,1413
1809,1114
1465,929
634,87
189,1174
1308,1587
634,493
486,1034
44,84
55,692
931,55
55,931
1480,55
55,1480
1488,931
86,263
263,86
346,126
53,37
548,346
548,322
325,1189
115,39
142,119
1077,2336
119,142
1781,630
922,131
1111,755
192,493
258,39
359,19
618,1413
1114,76
1065,43
340,1163
89,486
1842,752
350,548
656,430
1152,1413
281,349
926,359
654,483
1594,1605
189,119
1794,625
1781,625
1113,432
257,483
389,938
1829,458
5,608
435,922
19,246
1398,1152
174,212
945,426
36,135
135,36
1711,608
142,192
56,189
1054,153
1169,218
630,634
99,84
189,196
340,36
430,949
669,340
621,669
2319,621
147,2319
2319,147
621,2319
1157,2319
278,613
1280,1413
755,618
1157,1152
55,1488
153,1180
1571,290
493,258
1488,246
257,39
146,358
493,1189
70,1372
1587,11
75,613
1124,75
1128,1124
1124,1128
298,1128
1128,298
75,1124
10,1128
1717,10
10,1717
1121,1717
10,1121
1128,1717
1717,1128
1137,1121
290,1605
1087,548
249,757
678,29
132,752
76,141
1082,548
144,1124
331,47
47,331
36,340
945,938
1781,257
752,132
322,548
258,87
1781,192
1157,19
153,142
257,258
44,1745
39,258
1280,1398
493,654
249,19
358,39
325,454
1093,37
618,1711
340,329
153,1189
608,5
1054,241
11,1605
1174,189
1413,1280
454,1137
241,192
1388,1114
1394,1152
360,1034
608,1394
426,322
430,938
39,358
322,1372
1406,1711
1907,1174
2217,1907
285,2217
2217,285
847,2217
44,393
654,39
1394,608
190,1829
673,190
190,673
1829,190
39,240
1049,1189
1465,19
194,61
495,194
194,495
1327,495
206,1327
1327,206
560,206
1327,560
206,560
573,560
2405,573
573,2405
274,2405
860,274
274,860
2405,274
573,274
274,573
860,2405
2405,860
560,573
560,2405
573,860
870,860
565,870
870,565
553,565
870,553
167,870
1292,167
121,1292
1292,121
870,1292
870,167
167,1292
903,1292
167,903
6,553
553,6
67,903
903,67
903,167
6,565
870,6
274,553
881,903
446,881
881,446
162,446
446,162
553,446
446,565
6,446
1292,903
6,870
560,1327
903,553
1327,565
881,162
446,553
881,274
2405,560
553,560
565,6
860,573
162,881
446,870
446,903
881,860
2405,881
446,6
2405,446
560,1292
560,274
565,121
870,2405
1624,553
1587,1624
1920,857
1480,692
142,1189
19,359
548,218
42,949
1711,618
330,393
29,107
76,432
1137,278
386,488
394,263
1316,11
1117,1121
1137,1117
357,1745
78,357
129,78
78,129
357,78
54,129
129,54
78,54
79,78
78,79
54,78
357,129
357,79
79,357
129,79
976,79
729,976
976,729
731,976
280,731
731,280
130,280
436,130
130,436
280,130
127,731
729,127
976,731
127,280
127,729
35,280
127,35
729,35
731,35
35,729
436,280
280,35
731,127
35,731
731,130
976,35
35,127
280,127
729,731
731,436
729,280
127,976
436,731
280,729
130,731
976,127
280,976
35,976
127,130
130,35
436,35
130,729
280,436
130,127
731,729
35,130
976,436
79,729
976,280
79,127
976,78
436,976
349,280
107,938
78,976
483,493
553,903
881,553
2336,237
79,129
218,1087
1139,107
213,548
881,2405
1152,1809
327,37
1406,1413
454,480
79,54
435,926
396,241
495,105
107,29
649,87
212,1587
1327,573
10,298
41,121
1349,41
41,1349
318,1349
1349,318
123,41
1358,123
123,1358
41,123
1349,123
41,1358
1358,41
1349,1358
318,41
1358,1349
123,1349
41,318
121,41
495,269
318,121
294,1745
177,294
209,177
177,209
294,177
294,209
209,294
697,209
352,697
697,352
48,697
697,48
352,48
48,352
200,48
2182,200
176,2182
2182,176
200,2182
48,2182
200,352
2182,48
658,2182
270,658
658,270
176,658
697,200
48,200
352,200
656,2182
5,755
656,389
1717,1121
2164,548
322,426
99,39
339,1034
61,290
881,565
678,1571
729,436
135,340
5,1836
141,430
9,1933
1907,9
2164,387
1093,1111
672,1087
1137,1113
493,649
852,1196
618,1836
287,285
285,287
1480,929
39,654
2336,298
857,1137
240,483
483,263
1406,1113
117,269
757,359
1809,387
1082,1174
396,630
107,1149
24,61
194,24
1781,153
1594,329
729,130
1308,1316
240,87
682,237
1180,325
40,33
521,40
40,521
50,40
349,50
339,359
804,847
20,804
804,20
222,804
804,222
136,804
824,136
136,824
302,136
136,302
804,136
780,222
30,780
780,30
222,780
20,222
12,824
1422,12
718,1422
1422,718
94,1422
1422,94
94,718
718,94
704,1422
1496,704
704,1496
154,704
704,154
231,1496
713,231
259,713
713,259
231,713
1496,231
231,259
139,154
154,139
713,1496
311,1496
2036,311
311,2036
1496,311
259,231
1496,713
311,231
1993,2036
2064,1993
1455,2064
2064,1455
1993,2064
1993,1455
1012,1993
1993,1012
1012,1455
1455,1012
1455,1993
1453,2064
1012,1453
7,1453
690,7
2079,690
690,2079
230,2079
2079,230
7,690
7,2079
2079,7
1012,690
1012,7
1012,230
1993,1453
1453,7
1993,7
2064,2079
230,690
2079,1453
1993,2079
1453,2079
7,230
230,1453
230,7
2036,2079
1021,1453
1453,1021
26,713
713,26
1014,1453
1020,1014
1014,1020
51,1020
14,51
1976,14
14,1976
116,1976
1976,116
51,14
1020,51
440,1014
1020,440
116,14
230,1014
954,2064
66,954
2118,66
66,2118
954,66
683,66
66,683
954,683
1455,2118
954,1453
259,26
954,1455
704,139
7,1012
440,1020
2036,1496
1455,2079
1453,1020
66,2064
2079,1021
690,230
2064,7
1012,1021
1394,1020
938,1141
929,246
55,19
1770,938
1121,10
692,246
458,2336
161,162
162,161
87,258
11,1316
6,903
939,656
1288,1292
2118,954
630,1809
1280,608
54,79
230,2036
1124,298
458,360
1745,573
51,1976
1711,486
1021,2079
240,263
201,1121
342,852
188,676
676,188
1781,1049
237,682
29,938
480,1745
108,1065
531,108
68,531
531,68
108,531
331,68
393,329
230,1021
40,50
683,2118
146,115
85,54
36,85
189,56
348,54
328,348
348,328
54,348
483,327
19,692
389,678
318,1358
87,43
192,142
463,1174
144,618
103,548
94,12
489,1065
757,246
1488,1465
521,348
84,480
1157,929
824,12
231,311
493,192
214,126
219,214
214,219
46,214
214,46
219,46
126,214
804,824
1717,278
683,954
458,13
1087,464
718,12
824,154
521,50
669,1111
1111,1842
560,870
1794,1128
5,1280
1189,153
1976,51
630,52
1035,1163
117,1035
174,291
1976,976
115,146
483,257
1308,1035
181,147
147,181
1349,870
33,40
1836,5
290,61
348,393
13,458
548,213
1113,321
637,360
9,1907
209,697
938,107
1137,1128
881,161
938,1124
1139,938
1480,19
488,692
1394,1711
1406,387
240,634
263,649
1794,1809
237,2336
298,1794
340,85
2006,1137
58,2006
2006,58
185,2006
58,185
2006,185
185,58
399,185
185,399
399,58
411,185
113,411
411,113
185,411
399,411
58,399
2006,113
579,2006
233,579
579,233
161,233
39,257
322,938
495,24
618,1809
673,2319
1169,103
2036,7
274,881
19,1465
40,341
1035,117
237,13
1049,142
656,939
390,84
2476,144
2164,1180
860,6
1021,230
201,1114
2182,658
1034,360
690,1012
290,243
931,1488
218,548
1139,656
682,458
1394,755
359,486
56,1054
66,1455
174,243
281,33
201,1770
608,1413
68,108
1488,1394
1624,270
42,387
327,84
12,718
463,257
2118,1455
560,881
1292,870
949,387
281,1745
108,68
683,1014
1163,54
327,393
7,1014
1174,480
39,489
29,656
130,976
390,39
2405,1327
1137,1717
630,625
654,87
676,358
339,757
141,949
1049,258
35,436
1587,298
258,257
1180,142
682,280
488,249
1836,1280
2064,1012
2182,352
454,215
553,167
39,493
870,1587
330,47
328,329
1180,493
625,1054
489,263
454,1180
1406,608
630,396
454,682
938,430
1933,1907
222,20
1406,1394
1829,637
1717,298
1308,678
489,87
54,357
399,20
718,185
1920,1394
1933,1920
949,1770
560,860
1139,678
99,257
33,50
682,454
553,881
161,881
283,43
460,283
63,1358
1358,63
929,359
290,291
83,141
102,435
19,1157
1496,690
618,755
496,285
254,496
496,254
1907,496
2336,458
79,280
1368,1453
201,141
553,573
107,939
1163,1093
107,389
38,105
57,38
38,57
495,57
394,358
1117,945
1372,1180
233,161
1605,1594
1288,1809
1034,1745
435,618
257,358
480,1394
102,546
1571,1149
1124,144
1794,1077
463,396
19,249
1087,672
1065,108
1711,1406
1077,237
1794,682
396,1054
121,123
14,116
1327,870
57,1163
493,634
346,729
432,1114
755,321
1163,654
283,460
1887,346
148,1887
1887,148
1859,148
148,1859
499,1859
1859,499
148,499
499,148
1953,1887
1087,1745
327,483
352,294
6,881
1488,1794
127,79
1308,174
12,1422
67,1292
1014,440
1594,1308
330,1745
20,399
174,61
1082,480
824,804
1082,218
123,121
294,352
954,2118
1571,1054
1836,1394
464,10
1141,270
79,731
167,565
1594,1587
119,196
1012,954
613,1809
1054,56
1021,7
618,1114
1406,682
1605,1035
949,141
1128,618
464,1121
1809,613
1139,682
672,1082
257,1745
76,1137
656,678
87,240
669,1794
1388,870
1157,1809
29,678
2064,1453
139,704
1128,10
146,257
1398,608
1163,2405
493,396
78,348
1398,1394
125,24
24,125
489,257
521,33
1292,67
1537,1163
473,1537
1548,473
665,1548
1548,665
149,665
665,149
473,1548
134,473
473,134
1537,473
473,665
149,1548
1537,1548
1548,149
23,1548
1520,23
23,1520
473,23
134,23
1537,134
23,134
1548,1537
134,1548
23,473
1537,23
1520,1548
23,665
299,23
23,299
90,473
134,90
1605,665
112,119
2118,2064
1388,1394
463,56
190,13
683,1455
731,1308
252,46
219,252
269,117
881,573
718,154
258,493
218,672
1040,1316
93,1040
1040,93
11,1040
394,1174
463,192
360,298
26,259
212,1605
76,321
218,654
1745,361
463,1781
1605,11
464,1717
1308,1605
352,357
432,949
2277,1794
604,2277
992,604
604,992
2277,604
374,2277
980,374
2277,980
980,2277
3,2277
999,3
768,999
69,768
523,69
69,523
768,69
759,69
999,759
759,999
3,999
2250,3
525,2250
74,525
525,74
596,525
74,596
586,74
74,586
596,74
96,586
586,96
768,596
466,523
642,466
466,642
191,642
642,191
254,466
1163,565
1453,690
2319,673
1034,1465
1111,1711
649,483
630,394
394,1065
1308,1571
2277,999
1087,1111
604,2250
397,237
1157,1394
190,2336
2336,480
678,1605
237,1077
1349,553
192,1137
945,1121
360,458
9,2217
929,1020
11,291
483,258
259,1496
1114,278
217,269
269,393
1349,2405
1829,460
394,325
2277,1163
115,263
291,1587
311,704
167,553
857,1920
50,521
339,131
213,322
215,1189
573,254
36,217
116,51
350,70
63,123
1054,52
1114,1137
1413,1398
1548,23
1169,672
46,219
75,608
430,432
486,89
604,999
38,269
6,167
692,19
938,1394
143,298
56,143
127,436
1139,1141
337,148
1202,337
246,359
1413,1111
33,521
852,857
213,480
525,586
1520,1394
86,153
1128,360
58,113
350,346
440,93
824,302
70,350
432,387
1422,1453
61,678
198,1794
268,198
198,268
147,268
189,454
604,3
12,154
1993,1180
121,565
7,2064
1662,1480
1274,1662
1662,1274
1672,1274
162,2405
1594,1137
1829,682
1292,553
259,2006
136,12
1292,1014
176,67
473,299
341,40
1202,1174
393,321
1587,658
339,249
1020,394
1128,1137
525,596
881,6
2006,399
573,870
1993,2006
676,678
2405,565
252,219
1040,11
396,2405
1829,625
129,729
281,1180
926,435
63,41
646,480
380,646
1088,380
1672,1088
2277,3
268,147
1174,1180
190,625
613,1114
1488,929
1117,141
1413,1406
54,85
322,213
1157,249
1488,55
999,2250
290,1141
294,938
103,218
397,119
13,1794
153,1781
1117,1137
454,1034
1809,1152
153,1745
359,922
678,939
697,130
939,938
263,489
729,682
1717,2006
144,2476
290,212
752,1842
1065,361
731,1605
682,393
1368,1372
231,704
2036,1021
1594,1624
89,1111
1169,70
656,1141
618,1137
1933,9
1157,1163
330,493
949,42
7,1021
269,340
1020,2079
148,337
1571,493
1180,119
945,1117
1422,654
1745,1453
729,357
2182,230
729,1794
298,1124
1139,565
43,1065
268,1794
480,84
1280,1111
43,87
325,257
1907,2217
263,240
36,1163
548,1169
2182,697
1049,1054
280,79
1413,608
357,153
55,929
252,1372
167,6
80,411
959,80
80,959
1520,959
565,167
630,230
2182,1349
432,83
9,1953
521,153
1388,949
1794,1034
463,397
1327,553
135,105
1358,1453
390,257
396,325
329,1087
1711,1836
2164,189
1745,454
387,278
1398,1836
1174,454
263,483
1054,237
328,129
1327,2405
938,1163
1035,1308
458,237
1920,100
6,1292
218,153
903,881
521,393
329,1745
1422,1014
84,327
13,637
683,311
263,654
215,454
1520,80
1180,649
87,649
143,56
365,283
25,365
365,25
283,365
1163,729
521,341
249,692
327,480
1829,654
1121,945
1770,141
669,621
1829,1836
12,136
79,35
380,1088
321,42
61,24
291,11
393,480
1933,2164
755,1152
75,1128
1265,1111
516,1265
358,483
938,1121
269,217
1587,192
340,341
1149,291
463,269
1059,191
1213,1059
1059,1213
737,1213
9,737
346,480
102,359
926,922
1049,241
6,860
1953,337
1157,1836
1288,755
1455,1394
192,1174
11,270
63,1349
1141,1794
1842,1034
1087,357
214,2405
2036,1453
1587,291
1388,2405
654,153
44,329
468,499
499,468
673,298
1488,249
436,127
1455,7
94,824
621,147
215,1174
747,1488
1137,430
125,61
132,360
212,174
121,1349
2036,1455
1571,357
1537,90
24,243
215,142
6,274
1139,1372
83,201
90,23
200,697
1093,331
454,189
718,411
214,252
1087,218
50,281
39,99
573,352
1124,1717
1488,1157
613,608
463,189
328,357
119,189
246,757
1672,1662
1953,1174
218,103
1907,857
54,682
357,729
2036,454
1933,1174
531,1292
1781,493
1180,393
2319,1157
546,1152
83,432
263,394
1316,1605
252,214
5,1406
1114,1809
230,1012
1327,903
318,949
1480,1034
46,213
396,142
40,281
976,1020
1920,1196
656,1571
153,1809
6,2405
704,231
212,1594
634,460
945,298
358,84
291,1571
824,718
1152,1711
1453,1014
1605,270
352,209
1372,2164
1180,697
321,76
683,2064
327,257
1368,1114
881,167
291,2006
1907,742
630,325
1014,731
44,480
357,146
649,1745
10,464
454,1174
488,359
1571,454
2336,1180
676,672
50,33
196,1180
1174,394
7,1993
1907,737
11,1624
112,454
642,737
20,185
516,642
860,1711
1571,1139
939,270
1372,1465
154,718
1035,1594
217,79
1021,1809
357,340
669,330
1114,1388
857,1196
89,5
1358,121
340,54
194,1308
1049,1809
637,13
1842,230
110,365
365,110
1605,1624
2118,683
1745,329
281,329
922,435
1114,1394
466,254
1152,755
176,1358
1358,1368
1587,1605
1794,13
860,446
2319,268
346,938
1189,359
1781,1180
318,2405
2217,254
1082,672
1394,1836
397,196
1571,1141
154,12
656,1372
176,200
341,393
1372,1174
348,1394
1413,454
217,36
432,1809
473,480
107,1141
634,1180
129,1137
1829,903
757,2006
690,1455
992,2250
1288,1152
1035,1137
2277,697
249,1488
3,759
1453,804
692,488
113,185
1372,1488
1121,426
125,1308
654,1174
1111,608
1152,486
1128,397
7,2036
84,53
2036,1014
2319,146
656,270
926,1394
1781,1794
1113,755
757,131
80,1520
1907,1034
1292,483
1141,389
1717,2079
1111,1288
618,1406
230,2006
218,188
1049,196
486,1157
219,1372
99,493
86,142
546,1465
1054,1781
1113,278
713,704
1128,1394
25,283
167,446
188,1087
489,281
757,339
676,394
673,1829
1571,389
521,281
12,704
673,361
1149,29
1087,1014
426,1163
980,2250
678,682
327,185
1398,1196
358,390
2476,72
192,682
330,1014
153,119
495,61
241,1180
83,1137
1137,1114
198,637
630,2182
189,1087
931,19
1121,346
430,107
2036,2118
1327,1349
352,387
649,263
646,546
1274,642
1933,2182
6,162
1149,1152
1953,634
3,2250
349,1372
1014,1976
1077,625
493,86
33,357
90,1548
852,342
654,1308
189,237
1422,1349
903,6
269,1745
237,56
1139,1065
1781,358
637,1829
954,1012
340,654
39,390
243,678
329,493
926,19
938,322
328,50
573,6
394,146
129,480
1717,430
105,57
11,1308
493,454
1292,618
480,483
6,573
129,976
328,394
396,263
446,167
7,1455
1488,1480
1781,52
737,642
350,322
68,331
105,38
1149,939
737,1953
63,107
194,243
1040,1180
274,565
1124,1121
268,2319
939,692
1993,230
560,446
1594,270
731,1976
162,6
755,1398
46,252
51,1014
1065,394
697,2182
613,432
1368,321
1014,51
565,274
480,1065
1770,321
86,325
257,99
1189,357
625,361
212,1976
9,512
646,380
281,393
516,1202
435,89
613,141
1809,2064
311,1453
10,1124
283,52
83,387
209,352
1349,321
230,949
274,6
1406,1288
1012,1014
1077,2217
1480,1488
1496,683
53,84
57,125
573,903
217,129
1842,618
397,480
291,1594
992,1349
291,290
94,704
959,113
357,54
634,654
339,692
19,386
521,328
196,215
1372,634
39,115
1113,1152
1933,512
1244,804
1682,1244
1220,1682
118,1220
1255,118
1682,1255
1682,1220
118,1255
1220,118
239,1220
1220,239
1682,118
1244,1682
2,1255
704,718
1933,586
954,682
548,1292
340,105
1453,230
127,78
682,463
12,94
573,237
141,76
105,135
176,480
480,1308
2006,780
174,1149
488,19
752,144
5,486
1794,634
847,1907
1124,613
625,2336
281,35
258,483
625,52
678,1141
1280,1836
656,1488
1292,6
299,1520
361,1065
100,468
349,40
1976,1020
1571,217
1933,358
1280,613
1292,881
2319,573
608,1152
102,131
394,493
54,1292
86,493
19,757
2405,321
483,115
1388,483
613,1280
630,463
1189,454
483,1809
468,148
426,747
929,1480
217,78
573,1372
1288,1020
665,486
1088,1672
999,525
1455,394
51,436
697,704
672,1180
249,386
2036,153
486,102
672,682
390,654
1587,560
194,1149
52,241
673,1794
646,692
1672,573
489,358
257,115
676,298
759,3
992,3
665,1520
393,357
1480,931
463,1571
257,649
24,194
327,53
1288,1308
188,218
604,596
1049,454
201,83
1422,618
903,870
1244,649
299,1548
759,768
1624,1711
1128,1121
294,1292
1065,649
1012,713
1012,2079
999,903
146,1040
346,860
1137,321
1157,1174
50,341
493,394
1624,718
153,192
436,51
656,1587
1933,852
19,546
560,6
2036,230
553,1137
483,84
658,176
348,654
1717,483
42,318
546,19
281,1174
1196,1920
230,565
1189,654
359,339
2164,249
411,959
1149,340
291,174
634,565
1453,1993
493,240
1280,755
72,1152
678,656
329,454
142,396
672,1163
752,1152
857,881
931,1480
162,1292
488,747
72,2476
54,1745
1368,613
86,682
201,278
1292,41
759,96
19,1480
959,618
69,759
190,637
1213,191
257,153
857,634
291,1316
860,560
360,359
704,12
1021,949
658,1141
669,2064
1745,1065
108,43
1040,291
1624,1594
340,649
23,1537
1174,1065
486,5
999,69
704,824
192,394
330,460
113,58
676,2164
489,480
435,546
329,1093
929,55
608,613
10,143
44,37
352,321
190,1794
2064,954
432,1113
330,697
298,143
2336,649
346,454
1745,325
1327,881
396,1292
2250,525
24,495
1169,608
290,1711
1117,10
359,1465
11,212
546,929
672,1121
938,29
325,1049
1157,1308
390,240
759,553
1662,1114
468,1859
992,596
35,281
139,824
23,90
2164,737
311,683
729,1020
36,54
1829,52
1230,1255
1394,2476
358,263
360,131
1180,463
649,625
496,493
656,881
318,1114
1196,1887
1040,2405
768,523
200,480
432,613
1169,493
50,348
1859,1887
174,1605
1594,1014
41,1292
2405,6
24,57
1781,649
380,1244
759,992
870,903
804,399
252,153
40,349
493,1034
352,486
342,1920
386,249
358,2079
322,350
90,134
1624,113
19,55
322,454
938,126
780,804
86,39
258,634
269,493
938,83
29,1149
1021,446
1157,1480
870,1034
1745,281
1711,634
1933,737
546,435
1196,852
1717,143
192,325
1169,1049
348,329
25,43
1163,1128
1781,1054
142,1180
346,654
2006,618
458,1829
1230,516
630,263
1605,939
84,483
860,870
1034,1488
294,298
676,1065
976,1280
222,399
625,1189
2250,759
1014,7
1465,546
1040,440
201,945
1128,432
493,1372
176,41
154,824
198,131
1065,258
212,11
1953,9
10,1117
87,108
1520,1308
243,174
729,281
246,747
1809,1280
468,100
922,546
58,411
573,1114
1149,2182
1794,213
903,2006
1012,697
270,290
1537,976
358,649
512,1933
939,780
1149,174
1781,676
5,321
240,1065
389,1836
1907,634
1128,278
2405,162
2217,1174
78,35
2182,67
847,9
1422,704
365,43
1920,852
214,394
90,299
1280,1152
112,1174
70,1174
78,280
89,618
824,1496
329,394
325,396
55,246
903,274
1413,387
1141,1020
185,222
411,58
302,824
2217,1114
1288,486
847,804
153,215
646,649
322,1836
2405,206
1624,1745
57,24
1054,625
78,731
2079,1114
119,1180
1230,1265
931,359
119,153
55,1157
218,1082
374,480
298,2336
630,237
759,2250
1993,321
1049,263
2164,185
394,654
70,1137
327,394
278,387
325,86
190,458
86,654
676,1587
1163,185
1316,1137
257,146
357,731
1496,411
682,1829
393,394
360,1114
1594,2079
430,387
2182,1358
495,212
1117,278
50,129
5,1114
565,860
84,390
5,1809
346,394
804,486
327,240
976,361
1244,1488
1034,637
259,704
678,642
992,2277
321,1711
512,9
397,1049
394,39
161,553
496,466
2118,230
192,153
1770,1406
496,1907
1244,1065
327,329
1014,2079
949,1087
992,999
1163,1388
162,565
105,117
2250,2277
1034,246
2064,2118
1111,1034
440,704
129,127
148,468
747,1394
495,340
1809,690
630,361
73,139
1021,73
5,89
125,483
1594,665
2006,222
546,249
1571,1308
358,393
1953,185
1717,321
516,337
257,325
37,44
1594,1040
131,922
206,573
690,1993
1141,678
263,1049
219,70
486,692
1021,1034
755,1111
454,1406
1770,348
348,50
349,54
1274,1265
1088,1349
357,348
327,263
1202,1953
269,54
129,357
6,560
1571,1587
294,200
1587,1117
390,393
493,330
281,54
654,263
1035,1624
1809,1388
1537,737
496,1953
704,268
1163,135
257,263
2405,731
185,870
78,127
215,394
860,1180
1049,649
19,131
1202,2217
136,704
1180,263
1571,281
202,58
294,202
755,1280
1605,212
992,69
463,1065
1711,1149
1082,464
2164,1327
190,1077
189,153
1020,731
1571,495
249,747
358,1049
283,361
135,1034
1169,454
1111,1152
2250,604
1152,72
737,512
358,86
1368,1717
1624,11
757,19
86,394
2319,931
361,1745
1327,270
1124,2476
959,411
1455,1174
387,1488
692,55
153,393
1049,630
218,1372
142,215
325,192
25,110
1012,1020
1388,1113
1137,76
11,1035
2405,237
1163,129
2336,1065
1920,737
161,579
608,1711
219,346
1180,1128
35,79
358,192
483,654
231,2079
1114,42
1137,938
604,525
357,84
713,2006
329,649
84,393
290,298
697,167
731,665
29,201
621,634
1781,1174
1537,731
976,129
108,87
12,139
1413,1288
852,348
110,25
144,1111
1953,1976
1809,5
1933,742
161,1292
269,85
1672,731
321,1137
658,123
692,131
1809,141
1394,634
949,432
1887,397
126,682
1920,9
654,115
1829,1113
1480,131
189,215
1054,654
922,1836
493,483
90,113
1163,38
393,649
665,1394
1548,134
215,189
40,357
553,206
565,949
136,1422
665,23
349,1149
1933,1049
454,142
713,1453
1624,1280
154,1422
153,86
489,493
1887,241
573,206
672,649
1308,483
959,976
546,102
1128,393
1372,126
493,115
263,1745
780,20
432,1388
521,269
553,870
339,19
1794,1829
130,697
926,131
328,78
824,20
1113,486
1121,1770
682,658
1794,361
673,13
1605,678
230,1020
196,112
654,361
573,321
249,359
852,642
634,340
102,486
1280,1114
672,1372
466,496
1594,697
690,2036
1255,929
135,676
903,446
613,75
113,2006
1488,359
153,258
669,473
486,1124
1035,11
1308,1488
493,340
1014,230
252,493
219,213
1220,903
1082,321
1035,1141
192,483
274,446
1745,1087
1082,243
860,85
329,44
302,12
435,1465
71,285
178,71
71,178
285,71
192,625
185,113
9,847
454,1021
1465,926
1244,380
1794,1388
1020,608
926,5
270,665
945,1770
2006,411
1717,192
1316,290
1034,486
752,1711
426,1121
411,399
2277,2250
2217,9
755,608
483,394
1349,231
1794,608
1933,1077
718,824
3,596
127,357
608,1137
340,79
1157,976
206,565
658,1349
1859,1196
929,1034
348,78
1587,270
565,553
43,283
646,146
1180,196
281,976
1594,1035
52,1781
174,290
200,176
1548,1349
1624,53
903,565
1520,90
1368,318
1372,1422
1672,642
669,359
258,86
1020,2036
29,270
134,1520
523,496
1054,394
804,302
274,1327
117,217
143,10
938,1087
672,393
214,70
112,142
1163,280
525,374
1394,586
523,759
70,1169
926,1465
331,1794
110,768
1794,1422
2405,1049
365,634
268,480
1372,1021
46,70
489,682
329,330
51,116
548,1082
625,630
759,483
357,390
19,486
357,127
673,1349
473,1520
1488,1496
325,119
669,2336
665,270
704,399
50,1111
1020,1021
258,263
123,318
359,246
1280,678
215,153
123,658
1189,1114
396,493
99,53
493,495
546,608
2336,634
386,1034
214,350
1662,976
1174,103
1809,280
1040,1624
44,257
976,1953
654,1049
328,115
548,1453
115,86
87,489
194,1163
263,257
1021,1993
480,690
683,704
1139,2336
2064,1021
325,358
1587,290
939,881
341,50
857,185
480,327
2064,1496
483,2079
682,1121
57,105
672,1349
174,1587
185,1163
348,340
847,1174
656,107
954,387
1189,340
1111,1114
360,1137
298,360
676,1087
318,123
649,1152
327,258
658,483
263,258
1594,212
147,1794
1372,46
1049,1174
26,231
1111,1488
1933,1953
999,2277
11,93
1141,1149
2405,318
1288,1406
393,258
1394,1113
1388,1128
241,142
340,328
1413,486
1137,1049
252,126
3,604
397,213
146,1163
945,322
213,214
1049,146
269,565
399,1394
270,11
2118,399
1624,360
1781,634
426,1711
1308,11
2476,1034
1327,6
327,44
283,25
346,350
1316,212
1174,86
1933,2217
1953,1189
2277,992
352,2336
1137,83
521,346
1537,521
149,23
358,257
454,346
290,397
656,291
117,14
341,1394
1859,337
1308,61
84,99
929,386
1548,1114
329,483
1065,283
473,1316
613,1128
294,860
217,117
483,649
278,1137
75,298
2217,1113
454,325
690,1453
929,1157
1933,342
399,493
1230,1059
78,85
1040,1308
386,19
55,359
139,73
1836,397
348,1587
959,1406
870,881
565,903
759,618
350,397
112,189
1770,1121
992,731
426,321
903,1372
553,860
287,2217
992,374
1605,486
357,85
359,747
394,1349
1308,634
215,692
66,1993
20,58
642,254
42,83
254,1933
1255,1220
192,119
294,1163
676,112
1349,1121
393,1174
2250,374
35,480
348,281
521,1121
1887,512
1349,1189
1117,1488
396,682
1836,608
1093,257
72,5
177,48
521,1189
718,922
436,654
99,37
931,747
454,1189
523,870
1842,521
1662,2
1496,1422
860,167
548,672
86,192
1829,237
860,565
46,126
290,493
1372,346
112,188
2118,321
1745,731
281,731
804,185
625,189
804,690
922,1372
480,1049
103,1169
2,1265
780,399
1288,608
804,299
15,67
233,15
586,1065
1049,618
1413,1113
3,525
1163,389
328,1745
1920,1077
237,637
731,1065
56,682
1587,1406
1672,625
359,102
390,634
39,86
269,1034
922,1152
134,1422
1711,1717
980,3
396,1794
357,35
361,87
1368,257
103,464
1662,1265
1372,219
230,2064
654,352
949,201
1358,1128
5,1288
1169,1372
176,565
1993,690
105,54
980,483
85,105
1358,731
1455,954
70,493
852,2217
9,254
117,105
565,1152
252,1149
212,185
458,1137
2164,188
55,747
389,1114
83,938
1372,85
1587,1316
2,1672
926,55
718,729
1488,1121
53,483
209,15
281,348
586,525
360,132
1128,75
206,274
322,1174
329,1587
125,57
430,1087
1012,311
1358,107
903,230
931,929
270,1141
473,697
1745,1770
2182,121
37,1093
55,926
1672,352
189,1054
852,596
209,1180
1163,177
1137,346
483,230
480,1077
269,1372
258,386
349,185
2319,1121
352,390
1288,141
87,1292
119,397
496,642
394,483
1157,1842
860,903
742,2217
2182,177
387,1113
257,44
131,339
278,480
3,374
692,903
548,553
676,548
214,213
19,747
393,84
1288,1021
669,512
349,126
1124,10
126,548
341,682
270,212
1933,857
1465,131
1887,692
1717,361
365,1745
177,15
294,15
291,270
1480,1077
1672,191
931,246
1180,2217
926,2182
141,1113
678,2064
374,980
2476,922
127,1976
87,361
5,613
254,642
621,13
521,78
1624,1163
1745,397
399,2006
30,579
1139,325
1014,399
2319,637
1065,489
860,237
560,553
396,454
521,389
290,658
608,1280
340,976
1088,1274
1327,318
548,70
1157,608
349,608
283,634
290,682
281,1717
1455,66
1672,468
1809,755
656,521
331,394
215,325
350,46
1034,488
141,83
672,1169
2250,992
39,394
446,274
322,70
1745,84
857,860
20,824
72,618
39,87
1059,480
115,1745
174,1137
217,493
1394,938
1887,1859
1049,634
259,311
1137,1139
1149,269
119,112
1065,52
1054,922
959,139
206,318
70,46
87,39
1372,214
1163,426
50,349
1920,2217
1794,257
1496,860
209,1453
285,2079
1394,1128
692,1372
649,1065
141,480
656,658
2164,1571
361,682
759,2277
2250,269
1157,386
1809,1124
1624,358
99,649
949,76
1316,270
194,329
596,1548
1174,2336
731,79
9,742
239,1682
755,1836
480,280
980,1587
328,1111
676,237
669,2319
130,51
144,752
201,29
1121,949
852,1859
397,1054
742,9
1035,939
683,231
52,625
1180,257
55,757
1520,299
824,393
1327,860
360,1111
426,480
1537,257
1349,1594
142,682
287,71
1745,269
9,496
458,1054
1662,1388
1745,1422
1174,269
560,167
1480,346
676,348
12,302
386,1488
189,1163
560,565
1717,460
759,2064
857,1953
1327,76
139,12
339,386
1453,1012
1587,1049
29,290
637,237
1394,1406
115,298
949,1455
929,618
361,1794
107,678
258,390
365,87
747,1034
1406,1398
1040,1413
656,1624
945,949
219,322
119,192
454,110
1794,389
697,177
397,153
142,483
1196,1859
342,2217
939,249
1745,129
1035,697
240,115
270,1594
142,1174
1316,1624
608,1829
673,573
480,85
1113,1388
1781,213
67,2182
281,1496
79,1137
531,1065
480,1189
201,613
2277,596
38,125
57,269
298,1717
1230,191
23,149
493,976
46,350
360,1128
290,586
1537,1859
387,432
1113,608
1012,2118
2405,121
747,19
1372,446
162,553
1021,2064
93,11
523,466
1770,426
2250,74
704,94
929,931
1453,1049
349,521
291,1605
50,357
565,206
281,40
89,608
192,1087
249,131
458,298
240,53
246,394
357,40
36,1137
357,57
1141,1316
546,1836
1717,189
1842,692
70,346
1230,2
466,191
348,125
857,1093
480,637
1180,718
729,129
352,1141
1054,1174
50,54
658,41
847,512
201,389
322,214
1465,1488
177,1163
321,201
90,1537
294,565
61,269
2164,630
1087,690
389,2182
483,340
90,1520
177,352
359,249
329,53
2164,1054
146,325
634,43
280,78
860,697
142,86
938,1049
440,357
755,394
1745,39
747,1152
692,697
922,1488
1548,486
269,729
579,15
287,374
1292,446
1141,397
1976,85
1163,430
2405,167
30,222
672,188
327,39
390,480
206,553
1537,446
202,15
174,24
454,713
358,325
1169,1174
123,938
1327,176
613,5
1662,1672
246,929
361,454
860,1349
325,1124
1196,847
945,10
678,270
327,54
1571,361
1717,1077
565,162
361,358
2277,759
70,214
1496,1141
19,931
460,625
1087,1717
945,1014
206,2405
1244,118
217,328
1169,188
2079,1829
79,1113
209,613
1292,755
9,1920
2006,20
1745,390
1781,86
512,1907
1020,929
1537,1594
73,1021
1809,630
1139,747
2036,1012
176,48
142,263
870,162
387,938
269,483
176,697
1114,613
1020,116
737,1174
1082,196
546,1014
396,394
194,1372
1265,852
269,1174
2164,676
1624,1014
755,1124
134,113
23,80
512,1920
201,432
1163,676
1111,1113
742,737
1770,1548
360,361
215,1180
217,396
258,358
80,73
257,327
387,83
121,318
1624,489
2164,298
93,440
1745,625
84,146
80,113
129,1174
430,1406
454,322
118,1682
327,1137
493,99
196,325
1465,618
682,298
1308,290
676,129
213,219
240,493
2336,190
84,1745
1682,239
259,954
1021,311
1842,926
1422,1141
1781,263
116,93
1111,1087
231,2064
339,929
209,48
390,489
399,222
2319,181
131,360
1372,713
682,780
121,67
959,85
2036,1049
1413,1358
270,1040
1413,185
198,360
1413,690
2476,637
1770,1781
621,181
7,311
1035,212
523,768
70,548
690,311
349,346
252,322
1413,1842
1372,252
755,757
325,493
2064,66
573,1327
1054,618
517,191
191,517
676,119
654,112
1087,1976
430,945
1422,154
1372,125
15,233
1141,1327
79,976
200,665
257,608
1082,1422
463,348
115,483
2036,231
192,241
1537,1605
1049,1087
352,446
1394,752
36,1745
361,654
19,926
847,852
249,546
1993,2217
1180,241
47,37
241,394
939,107
2164,143
454,1781
129,340
665,1316
435,747
154,870
1745,352
146,39
240,1049
1465,246
516,1624
1040,270
430,1829
254,69
1049,852
87,52
93,1035
72,89
249,1034
2079,1012
1196,283
55,131
352,177
565,1587
201,1605
525,1711
233,870
328,493
2118,938
1082,1049
1717,1455
1082,188
218,1745
1372,322
167,881
1859,468
330,1049
2319,669
1149,1139
1124,938
350,1859
1480,747
61,194
257,493
194,174
1770,676
270,361
1137,1571
1111,89
185,780
78,393
926,89
1605,185
1571,1049
340,126
1114,432
1398,692
1453,1455
596,2250
683,1012
729,346
931,1465
857,1368
1480,926
683,2036
480,755
1770,298
268,346
52,630
473,2182
630,13
2250,596
1368,939
129,1308
93,116
2079,311
278,1394
1624,1605
213,252
74,96
219,126
83,1114
1372,83
692,1488
654,322
642,1770
102,19
269,57
311,7
192,258
1605,397
1121,464
1174,2217
2336,259
938,346
1174,1121
852,499
496,742
676,390
480,53
669,435
331,141
1065,460
1049,213
189,142
1169,495
55,249
1128,89
38,85
1809,922
396,463
579,30
206,903
209,565
1308,731
2336,397
1537,665
116,436
1976,857
440,257
86,146
135,480
239,747
318,274
531,331
390,263
1887,1196
194,129
1372,1781
40,328
84,394
1413,1422
174,57
263,146
713,340
1455,690
1836,926
231,26
10,1137
454,939
149,473
634,115
263,115
1035,1587
240,1180
1141,658
512,847
1316,149
2277,525
252,676
683,1496
2336,673
949,278
188,1189
328,349
757,690
174,560
102,926
713,311
742,1372
399,804
359,1488
737,9
1059,642
2319,1054
13,190
1520,134
360,144
55,546
269,495
1794,1054
129,281
654,630
870,237
2006,85
999,1012
213,46
654,1054
1624,824
560,1349
1836,755
548,2164
346,852
1196,1054
191,466
69,999
621,1794
466,737
604,980
349,257
239,1244
23,113
1372,70
1745,99
85,129
1537,499
146,1049
804,718
393,976
926,246
85,79
1054,634
486,1413
1012,2036
146,86
1180,1781
1274,1255
436,729
1180,1054
270,230
2,517
1113,5
480,757
747,1174
945,649
938,1139
473,149
565,2182
903,243
1174,257
2250,69
269,79
281,692
1465,458
1280,1770
521,86
1711,926
759,525
1829,1859
285,1114
678,237
1189,263
61,174
959,73
274,321
259,1014
147,1349
2118,690
669,1781
390,44
142,394
458,1717
669,190
1149,389
1054,546
1035,116
621,1453
209,903
1327,89
348,938
115,493
399,824
870,1358
258,394
1496,1520
361,329
488,1034
188,672
1049,86
360,682
929,102
139,411
1672,1202
1548,290
243,29
53,330
1308,361
1280,361
870,1842
318,42
134,1137
682,146
243,24
704,2036
565,573
847,737
1280,1842
1065,1077
257,390
322,1087
290,1571
78,729
430,189
1169,215
1349,2476
215,192
2,642
634,241
1624,1316
1794,939
311,954
1406,430
269,2182
546,1372
206,6
131,926
215,654
217,1014
348,731
396,153
669,1196
397,281
1770,387
337,1953
1124,1388
1174,1859
435,1034
1480,435
394,1087
1180,44
240,325
1082,346
196,1049
218,2164
73,959
1121,298
3,992
881,67
625,1087
185,1993
676,1189
389,270
1149,656
99,1093
263,142
1111,1280
625,192
630,146
176,123
218,263
621,454
1587,747
483,486
1139,270
486,19
136,718
1157,747
1711,1124
107,480
548,188
1455,311
1398,929
480,1548
669,298
548,146
107,430
241,361
1455,1021
1169,243
219,350
14,1020
1398,1124
1488,922
194,212
330,512
926,102
119,325
86,1745
48,177
737,857
1993,683
1220,480
430,658
1465,486
359,931
9,499
202,233
1157,926
341,649
1054,396
263,390
939,201
1316,1571
1794,302
281,747
209,1316
1907,847
460,394
473,113
201,939
241,397
89,72
302,139
992,755
67,15
146,483
119,394
1128,1280
548,683
1040,217
2118,1012
153,348
397,79
486,1113
1372,496
154,2006
1255,2
2217,512
185,1488
194,290
493,269
922,486
1087,1121
358,1394
294,58
302,399
281,926
105,493
1014,1128
280,393
285,1587
1624,676
115,240
1422,824
85,2006
697,560
931,386
1605,658
105,495
1587,1594
2006,174
72,1836
321,553
1770,146
1121,141
241,153
341,1372
411,2006
621,673
1770,212
2405,2476
259,804
1082,1189
131,1413
322,46
642,523
278,2006
618,1398
483,358
80,480
399,154
1308,269
565,1413
161,446
573,579
294,560
646,359
634,1049
2182,43
217,329
673,263
1149,929
153,185
290,29
460,329
860,881
1308,1976
1020,258
1349,212
489,115
174,678
521,146
604,759
321,926
1124,141
521,115
654,2164
949,430
432,1128
454,146
112,196
40,348
249,1465
548,126
287,69
53,357
2118,1496
129,328
115,682
290,1372
1163,1169
939,1077
206,446
496,512
153,397
613,1137
682,142
1274,1280
285,742
464,1124
992,525
1128,237
61,212
682,52
26,1496
358,99
174,493
929,249
1594,291
259,2079
678,269
270,1624
1121,2164
1180,2164
9,337
56,463
63,658
1117,1128
55,1465
1157,55
1571,1093
757,1077
1537,2164
37,327
1327,1054
673,1128
621,654
1488,488
56,625
257,85
516,321
2336,625
318,553
1520,718
194,85
1717,1117
397,215
237,1829
1745,929
194,1189
495,85
2250,1605
1111,185
396,2164
480,44
1781,215
107,432
341,676
1624,141
495,1189
25,96
430,346
13,682
1488,254
1672,258
24,1571
926,361
1717,1124
350,214
117,1014
350,1745
142,649
290,270
118,517
130,397
191,1059
546,922
342,468
630,142
357,436
53,340
737,1137
341,298
230,318
321,278
79,359
214,322
1021,690
1953,142
1082,692
630,87
625,87
1624,330
1012,346
1292,387
20,2006
298,10
325,146
71,287
9,857
665,299
824,704
1537,387
83,321
523,1372
1157,757
397,321
1128,1829
325,654
215,196
99,258
274,167
678,201
804,1548
1014,690
673,237
222,824
339,198
512,742
83,1368
630,1480
217,130
980,525
1406,2476
188,2164
50,328
1114,1422
440,1040
142,1054
339,268
1174,112
742,1174
167,67
269,38
1137,387
460,463
718,302
278,1121
1520,1594
177,430
142,480
759,2336
176,446
1174,757
213,1180
294,233
468,1196
926,608
328,257
426,1794
1034,747
291,1139
1157,931
1280,658
1040,2336
121,870
755,1114
269,125
328,192
44,327
9,468
672,464
217,1034
999,2217
87,483
613,1113
389,1280
954,690
1189,269
258,1152
280,318
1213,737
311,1021
1842,2476
357,105
1034,926
665,618
209,330
270,1308
342,330
1455,280
489,142
463,1189
94,154
596,1794
360,654
254,1034
58,20
86,258
1770,495
1244,692
999,596
1202,852
396,1174
1587,1040
126,321
178,625
348,141
153,1021
1548,359
153,188
342,496
1537,146
692,486
6,206
213,625
125,105
1537,212
713,486
1169,1087
161,903
5,926
209,2164
346,348
546,5
174,658
348,1049
1113,1124
857,496
94,139
330,718
54,257
1049,2336
130,1327
1169,192
1349,1480
47,68
2319,13
99,329
1327,274
2,1662
346,1770
396,115
931,1794
573,446
330,331
1662,1571
1111,1327
621,394
1021,2036
1141,656
3,768
131,19
1141,446
440,51
676,53
1887,678
573,162
488,1465
1781,325
113,959
1711,676
2079,174
202,294
143,1121
458,190
200,1587
90,665
480,2476
390,682
153,189
1021,360
1040,1049
61,495
70,219
38,24
1189,119
460,630
483,489
1082,446
1907,1054
130,79
329,84
1049,269
1624,483
608,565
7,1020
548,881
1711,298
56,298
10,278
755,436
269,1087
217,327
43,108
112,325
1406,212
201,1065
2118,980
1189,189
926,129
123,63
230,1455
411,80
302,154
1836,922
2217,857
676,1124
55,1034
188,112
440,153
105,217
1141,1594
1571,446
350,219
215,458
1141,755
1496,2476
1594,1021
299,134
521,79
349,630
1537,299
280,1488
202,209
959,298
525,759
176,1137
1605,1141
174,2006
1327,496
454,79
2319,190
634,1953
331,37
192,357
85,61
1149,270
325,394
268,1034
26,718
516,1149
86,483
359,586
212,270
1292,436
328,2405
281,50
870,352
608,804
360,1014
546,1488
1372,142
1829,673
61,125
516,466
954,2036
177,697
44,99
1163,328
483,87
1372,1169
604,69
1537,436
380,747
1114,5
1040,1035
752,5
318,903
1169,213
217,153
390,1794
1745,1054
394,1406
1496,26
257,489
280,340
1255,1265
673,2336
365,759
1537,149
86,358
67,176
185,573
1672,436
149,1594
1662,1040
135,269
33,348
1624,291
495,857
54,1711
330,53
127,54
682,999
2217,847
1189,215
387,949
682,54
1152,1087
263,358
249,1480
144,5
181,268
852,742
86,115
2164,396
1520,149
1180,84
1121,618
483,240
196,257
1829,298
483,86
1034,757
669,531
488,1488
980,361
35,329
489,634
352,115
1049,189
682,396
486,488
6,67
531,263
397,143
318,67
673,460
154,1014
341,483
1065,446
24,38
2217,110
393,135
440,14
954,311
488,1065
938,945
697,61
10,75
330,1124
243,269
257,394
263,269
270,1316
697,191
397,1113
1114,1624
115,654
209,1114
2036,713
252,70
249,55
134,1128
729,1054
945,1308
161,6
135,79
123,2182
329,129
185,177
637,1394
119,1189
411,1014
1202,9
102,1034
523,258
1157,298
435,1114
2,1059
126,252
1035,93
1316,113
72,1394
649,115
161,15
1594,93
346,1012
6,161
1174,676
257,53
2,1213
325,263
1189,625
394,361
440,116
283,682
257,240
397,1087
436,1413
141,613
1274,1672
1349,458
860,852
1770,959
1288,387
47,153
397,192
604,768
84,328
608,1034
136,2006
231,230
929,1842
38,340
291,321
454,458
72,132
80,23
358,1189
1976,1993
1953,1920
3,69
121,573
2476,938
460,697
54,328
637,268
107,1717
430,926
1398,2476
190,147
90,959
57,682
2079,365
2,191
495,929
521,959
499,1887
329,521
1157,131
525,1809
426,613
240,903
1196,79
669,1480
67,446
394,1717
54,53
980,992
1413,53
2336,718
1327,146
1113,1781
678,1139
246,55
516,1255
252,350
1358,676
75,1121
1842,5
294,573
280,281
126,46
672,1049
107,1394
665,959
496,737
881,1953
1711,387
374,287
430,1368
209,436
649,327
523,254
525,96
1836,146
389,269
731,189
117,1152
108,436
202,177
340,177
2006,298
1358,298
1088,654
134,348
1189,352
613,1111
929,608
99,480
1571,125
1388,387
560,704
2,1274
649,397
349,35
359,613
672,119
263,87
75,10
85,329
194,291
39,1065
938,298
1920,742
63,201
194,57
135,682
146,1413
130,1163
676,630
1040,352
209,618
394,2336
656,212
426,213
495,1571
342,618
676,1054
938,939
331,108
649,359
454,396
1244,757
1014,14
682,143
1413,1605
258,1174
131,1465
1571,665
473,348
154,1137
13,298
67,167
162,573
435,5
683,2079
327,546
718,2336
321,141
191,1213
1139,79
553,321
394,269
130,586
189,263
546,55
435,19
349,350
1571,194
1021,280
646,246
1887,1907
2164,672
46,322
348,85
1327,436
625,360
348,1189
290,1308
1189,85
2319,458
976,768
1059,1230
212,729
135,357
24,269
1316,1537
608,75
531,361
1717,2164
1088,1255
42,1113
1624,5
1049,352
436,14
52,283
50,1114
99,44
192,654
79,85
132,5
1021,1455
473,185
1781,926
1020,959
63,318
350,126
115,390
135,54
1139,349
386,359
673,625
1372,328
682,192
10,141
430,426
454,241
200,1117
1308,389
959,146
634,747
1292,206
1157,1465
291,1035
357,358
1082,1781
290,1587
625,129
759,596
339,747
1465,1770
1953,768
14,1014
411,713
903,185
387,42
852,1907
149,11
123,1292
89,926
213,1014
922,19
70,126
55,1111
1189,87
2118,857
361,531
1034,298
125,38
926,1189
1571,630
328,33
2476,5
213,747
217,483
1682,191
1274,1213
1137,546
176,121
1213,1672
565,67
521,468
249,929
135,1163
460,1174
959,1537
222,30
291,824
718,1496
440,1488
669,458
1587,1993
243,1907
718,139
486,386
218,350
129,1128
682,39
630,192
718,1672
212,1624
1124,926
218,454
280,573
2006,350
1413,1040
76,1413
194,1087
621,393
249,486
1770,1887
9,148
259,1020
938,2164
1149,212
757,929
112,1189
281,127
14,436
396,243
2164,213
153,692
3,980
1496,154
340,125
1794,396
185,20
257,1372
426,1117
206,321
1034,19
184,1111
669,184
129,130
1163,213
1054,1829
493,1594
1394,249
1887,358
446,454
852,512
188,1180
241,634
1034,1157
386,1480
328,1152
1082,676
1316,1587
531,87
729,1465
194,1745
1117,1455
630,51
217,1065
2182,213
824,731
483,608
2476,608
1255,141
198,13
19,339
361,637
350,493
480,349
665,90
230,440
142,1571
5,1113
1465,359
1368,83
1113,72
1082,298
440,299
107,658
621,360
1049,52
129,217
1121,1117
992,980
38,1859
396,54
1065,630
1308,1594
669,999
881,1859
79,654
1594,1141
768,780
463,665
50,85
1537,396
938,387
669,110
682,56
646,718
625,1077
130,692
463,1040
1745,212
1054,531
328,153
704,713
209,634
1065,430
1034,922
1054,1717
676,86
36,949
2405,358
523,281
329,85
274,206
1496,349
144,298
337,1887
1111,692
881,1933
374,243
1265,1859
1196,512
55,386
1372,358
177,281
654,586
757,1520
1976,161
493,1124
269,291
215,483
1117,2217
144,75
525,3
85,1372
1488,358
1605,1040
613,397
161,860
1280,278
200,15
142,493
521,192
19,102
1976,79
1349,147
71,153
129,348
39,153
1327,399
246,1465
596,263
646,926
116,1163
1152,1406
294,411
184,374
129,1770
1587,299
174,1594
1163,432
2476,360
341,37
1993,66
132,72
1034,2164
586,1189
246,488
1113,560
1137,134
285,240
1128,692
254,737
322,54
126,1111
1422,139
198,339
1213,483
243,1139
258,99
257,393
1169,642
213,263
252,1087
1065,676
2336,1548
365,1372
240,330
358,329
1034,2476
678,278
118,1088
126,350
177,161
399,321
1288,89
268,212
290,174
1422,399
239,181
206,1137
340,630
1859,2217
483,141
134,149
212,618
201,426
1682,1422
460,618
328,341
390,53
346,1189
206,1292
149,1316
53,480
1082,86
1781,463
241,460
115,649
1993,678
76,608
446,654
196,142
483,1021
682,240
254,2217
460,1587
1280,72
1065,939
1230,1274
346,1139
676,387
393,1093
881,1368
1111,268
146,676
692,67
768,496
252,480
1114,1368
1781,665
13,52
349,84
992,287
1953,432
47,361
299,90
1255,1230
130,1014
2336,1054
134,658
634,463
1372,672
857,2277
190,237
432,1836
1781,322
13,360
112,2182
24,174
804,79
780,278
496,9
196,1745
263,99
1265,2
496,269
1124,125
625,346
2118,824
658,389
341,328
673,257
268,13
20,780
56,1174
19,488
11,658
1093,240
2164,263
411,393
321,436
142,630
1829,495
71,697
1836,546
325,53
99,358
1292,411
1021,718
1180,1887
2064,768
1163,263
200,976
217,495
70,322
2217,496
1054,1049
110,1836
1316,174
1265,1230
350,1180
1537,411
2064,311
241,1137
954,7
586,257
682,263
463,676
1372,613
222,58
1111,926
36,38
252,213
79,394
346,1141
586,692
3,74
239,1034
1327,959
1496,999
134,959
473,73
939,430
5,72
1520,1537
676,103
48,209
1349,121
1040,1368
1745,142
153,278
1349,162
752,1349
512,737
38,1163
348,53
131,488
1745,1169
512,496
860,185
39,330
121,553
737,493
654,192
1587,1480
2118,7
959,349
1040,1594
201,1149
1953,737
426,1372
99,1065
1059,153
134,2006
480,646
330,1465
177,573
483,37
386,357
1308,665
174,2079
325,215
1152,608
1065,86
755,613
980,596
2118,311
79,53
285,254
240,390
1794,190
26,704
134,1794
1121,1087
359,348
37,84
184,397
483,1077
646,757
154,302
1274,1859
93,212
495,496
980,287
36,105
1548,90
669,517
1571,387
426,430
10,613
84,329
658,121
394,1121
618,613
780,1571
954,718
20,411
46,1372
446,2405
386,131
669,672
396,1087
656,243
41,658
357,240
531,357
1274,1933
299,149
1372,1255
2336,939
330,254
42,278
1711,546
93,291
72,1413
390,37
860,1388
673,268
1316,243
350,54
135,1014
1035,1976
48,176
144,637
25,1065
399,113
263,327
52,1054
107,41
1717,154
824,269
658,1594
496,523
980,1141
493,1054
167,274
1624,1113
14,130
1012,73
153,57
311,2079
697,41
105,1372
389,257
44,330
153,1571
486,1455
704,939
85,496
386,339
656,54
79,365
926,929
90,149
2164,237
349,119
212,2182
938,52
390,1034
30,185
14,117
1137,613
2,1230
143,464
926,1124
672,1859
870,630
1189,241
1163,237
246,926
690,2118
318,1587
949,954
1196,213
1082,146
1021,440
649,43
1265,118
1040,1605
903,860
72,608
1034,198
131,1077
340,86
184,52
11,149
330,146
804,959
460,634
107,63
36,79
146,263
553,162
531,1163
976,217
1745,119
1372,121
5,1398
1114,824
426,298
274,162
327,489
1372,188
1406,613
1088,118
1180,213
135,117
2277,411
387,141
1349,263
999,604
1571,212
390,649
258,54
1594,365
358,1372
350,325
52,43
269,1035
1920,613
212,573
89,1394
48,658
125,258
1111,144
454,548
608,1308
130,14
1682,1624
604,608
1829,546
53,328
201,270
2277,768
280,51
1672,213
1082,1537
125,263
523,1413
980,69
1189,125
149,1137
704,274
70,486
50,53
553,274
678,1781
804,999
394,257
1887,737
36,57
67,2405
2006,79
350,188
1137,213
85,78
85,729
704,302
446,161
397,269
30,58
41,63
218,804
79,903
596,3
243,394
464,1180
460,458
411,729
1953,237
125,938
105,61
115,330
929,692
337,499
548,237
672,446
1021,757
1128,426
512,148
218,119
1480,102
269,1077
202,162
135,329
1887,548
350,454
2250,458
860,161
608,1288
1114,1548
299,257
483,325
287,2250
1202,285
1587,458
39,146
959,396
217,243
41,67
1213,1230
496,1624
29,1308
90,80
683,1114
337,468
2336,258
390,1152
48,67
1174,215
116,1035
1280,298
79,1034
531,43
285,642
938,119
399,852
346,1368
123,387
621,184
2064,683
23,73
604,269
1202,1213
649,257
759,322
93,1594
676,135
752,1488
108,654
240,43
642,496
6,1327
1117,1124
93,290
270,387
436,690
1169,1082
268,339
174,153
130,1034
1014,713
290,1113
349,243
134,411
394,1859
257,340
341,192
1548,1571
1413,146
190,198
246,548
103,1034
311,690
1398,586
1163,673
1111,665
9,852
142,454
1933,1316
460,54
922,325
621,637
127,1388
127,359
42,1711
2182,90
1034,1480
579,161
669,432
311,259
1128,435
521,217
147,13
146,212
2036,1480
325,84
1624,249
349,328
931,1157
1829,396
341,613
1794,737
1349,67
1349,237
1040,1548
85,212
200,1280
618,565
548,185
339,246
78,328
1077,298
2250,110
992,396
321,5
241,119
949,613
496,280
394,222
339,922
1117,426
141,1117
596,330
976,642
1907,1920
729,546
1496,613
454,237
278,1114
201,290
553,938
678,780
1781,2164
348,1781
146,348
243,1605
870,274
1087,1169
397,521
2006,546
299,93
281,328
299,389
1189,1781
11,665
2217,84
658,665
586,1605
214,358
1594,1548
1605,107
86,189
999,146
79,630
1455,1465
1220,747
349,396
573,495
458,258
15,903
922,2217
931,922
268,458
213,330
249,488
107,656
1571,678
1594,945
1244,436
340,146
136,185
135,125
85,340
36,328
1139,290
637,565
1280,922
1034,132
298,75
929,747
357,50
460,365
516,2
1907,512
78,40
93,1605
246,931
322,1368
634,258
281,396
1292,548
2006,959
110,374
1829,241
393,757
1163,341
1163,14
860,206
1128,1548
446,67
608,144
980,71
257,618
460,13
1453,54
218,649
665,291
357,327
1065,531
237,1054
436,142
184,458
495,84
254,1605
10,430
1244,239
432,1034
489,361
200,67
194,1394
1189,1196
321,54
613,454
496,2217
143,1174
938,243
729,328
672,112
1480,213
299,113
139,959
340,1537
1255,389
804,411
1230,1213
348,196
613,1121
213,258
683,7
328,105
488,131
147,1829
1113,546
1020,130
747,129
330,68
121,637
1280,2164
1141,79
196,212
213,2476
646,131
348,676
153,44
1149,358
729,54
1117,464
697,473
298,1077
742,731
649,857
1137,263
162,903
1372,217
1163,116
1672,1265
495,678
1288,613
134,299
318,321
870,2476
278,83
298,682
553,67
258,672
339,1465
2476,692
281,70
127,129
1128,1054
33,329
436,1976
2006,1907
328,495
1121,1128
174,330
102,5
287,642
254,523
1059,1065
121,1358
194,125
1196,130
847,1202
184,1794
1244,105
658,430
44,390
440,1149
52,682
337,881
752,637
194,493
302,1794
630,360
321,486
1465,692
212,117
149,270
646,922
435,131
1128,209
1571,79
1088,191
1836,213
10,1794
55,486
486,857
1548,1781
230,1993
1082,119
196,56
489,84
358,258
2319,237
604,390
1406,1265
672,463
281,954
847,1196
239,1255
147,673
192,189
23,411
1012,126
278,618
1280,1465
560,41
134,1014
870,560
1034,546
1794,237
9,285
269,1189
1672,374
294,185
454,196
5,131
1077,258
1040,939
847,148
922,692
212,1149
1624,76
346,665
1213,1920
327,649
287,178
1174,358
682,189
669,2250
112,153
1953,141
2079,139
291,678
57,153
2118,1993
737,1202
25,361
945,1128
1180,217
299,80
50,480
99,357
346,67
386,926
432,430
1163,523
43,634
1453,954
1624,57
697,90
1662,646
1624,938
99,1794
1121,1406
1202,692
440,7
359,625
329,1054
230,146
1049,676
54,269
553,1358
112,676
464,143
85,135
63,67
1368,360
1274,1054
194,79
350,2405
646,258
24,105
239,118
263,192
341,86
473,90
486,755
692,280
198,1077
1394,546
357,341
342,737
495,79
1163,337
692,339
146,269
931,483
78,697
143,397
0,146
3,4
7,8
15,16
15,17
15,18
20,21
20,22
20,27
20,28
30,31
30,32
20,34
25,45
48,49
30,59
20,60
15,62
63,64
63,65
73,77
73,81
30,82
37,88
90,91
90,92
94,95
96,97
96,98
100,101
103,104
105,106
108,109
54,111
73,114
119,120
121,122
123,124
127,128
113,133
12,137
30,138
80,140
110,145
73,150
149,151
113,152
154,155
139,156
154,157
26,158
90,159
30,160
161,163
162,164
136,165
162,166
162,168
161,169
121,170
162,171
96,172
121,173
30,175
178,179
178,180
181,182
154,183
185,186
30,187
12,193
12,195
96,197
185,199
202,203
15,204
15,205
206,207
206,208
177,210
15,211
215,216
71,220
200,221
200,223
222,224
136,225
222,226
139,227
20,228
30,229
12,232
12,234
161,235
161,236
108,238
94,242
243,244
139,245
125,247
154,248
94,250
15,251
161,253
162,255
178,256
259,260
139,261
259,262
50,264
30,265
202,266
100,267
200,271
200,272
162,273
274,275
162,276
230,277
278,279
281,282
108,284
71,286
222,288
287,289
202,292
268,293
294,295
200,296
58,297
299,300
299,301
185,303
302,304
136,305
302,306
136,307
12,308
302,309
94,310
311,312
311,313
230,314
113,315
12,316
230,317
161,319
121,320
274,323
322,324
285,326
73,332
331,333
331,334
47,335
108,336
337,338
209,343
342,344
154,345
346,347
202,351
200,353
352,354
352,355
15,356
361,362
361,363
43,364
365,366
365,367
25,368
129,369
365,370
365,371
25,372
365,373
374,375
374,376
374,377
374,378
74,379
380,381
239,382
380,383
20,384
90,385
387,388
390,391
352,392
209,395
58,398
202,400
294,401
113,402
302,403
20,404
399,405
20,406
399,407
30,408
58,409
20,410
30,412
411,413
73,414
411,415
399,416
222,417
222,418
411,419
139,420
411,421
411,422
411,423
399,424
113,425
240,427
25,428
426,429
200,431
432,433
201,434
30,437
299,438
359,439
20,441
440,442
440,443
154,444
440,445
446,447
446,448
446,449
200,450
446,451
15,452
446,453
454,455
454,456
200,457
397,459
361,461
460,462
20,465
68,467
468,469
446,470
468,471
252,472
473,474
162,475
96,476
473,477
73,478
473,479
480,481
480,482
294,484
113,485
435,487
299,490
489,491
483,492
493,494
496,497
285,498
499,500
499,501
499,502
440,503
499,504
499,505
499,506
499,507
302,508
499,509
352,510
468,511
136,513
148,514
15,515
499,518
468,519
480,520
37,522
361,524
184,526
74,527
69,528
74,529
365,530
47,532
68,533
68,534
331,535
222,536
499,537
108,538
68,539
68,540
43,541
108,542
68,543
68,544
531,545
185,547
426,549
468,550
548,551
184,552
553,554
553,555
233,556
553,557
331,558
71,559
177,561
560,562
560,563
121,564
565,566
565,567
565,568
206,569
565,570
565,571
565,572
573,574
162,575
573,576
573,577
560,578
579,580
579,581
15,582
579,583
47,584
15,585
586,587
96,588
25,589
96,590
68,591
96,592
96,593
586,594
68,595
586,597
596,598
596,599
74,600
596,601
596,602
480,603
74,605
586,606
25,607
15,609
280,610
330,611
20,612
613,614
37,615
327,616
579,617
618,619
74,620
365,622
579,623
185,624
68,626
625,627
446,628
126,629
630,631
531,632
281,633
108,635
634,636
162,638
586,639
113,640
637,641
274,643
51,644
71,645
646,647
240,648
399,650
493,651
489,652
108,653
285,655
178,657
658,659
658,660
176,661
83,662
202,663
658,664
134,666
73,667
665,668
365,670
468,671
673,674
488,675
90,677
139,679
90,680
341,681
280,684
73,685
658,686
20,687
15,688
299,689
311,691
692,693
692,694
259,695
110,696
352,698
697,699
697,700
139,701
352,702
209,703
202,705
139,706
704,707
704,708
73,709
139,710
154,711
704,712
12,714
117,715
26,716
259,717
718,719
718,720
12,721
718,722
94,723
718,724
302,725
25,726
718,727
565,728
15,730
731,732
68,733
731,734
731,735
480,736
468,738
737,739
468,740
69,741
742,743
100,744
495,745
496,746
12,748
198,749
15,750
682,751
139,753
200,754
202,756
209,758
759,760
374,761
759,762
596,763
96,764
374,765
759,766
110,767
69,769
69,770
768,771
768,772
768,773
768,774
69,775
768,776
523,777
768,778
768,779
780,781
780,782
780,783
30,784
780,785
780,786
30,787
15,788
30,789
780,790
139,791
780,792
222,793
430,794
780,795
30,796
780,797
399,798
780,799
222,800
209,801
30,802
294,803
20,805
804,806
804,807
804,808
804,809
804,810
222,811
804,812
804,813
804,814
804,815
804,816
804,817
804,818
804,819
222,820
222,821
804,822
804,823
824,825
704,826
824,827
154,828
824,829
824,830
718,831
824,832
824,833
302,834
672,835
824,836
136,837
94,838
136,839
136,840
824,841
824,842
824,843
12,844
136,845
136,846
200,848
847,849
100,850
222,851
178,853
329,854
852,855
742,856
857,858
852,859
860,861
209,862
573,863
860,864
860,865
259,866
162,867
780,868
565,869
870,871
870,872
870,873
565,874
565,875
154,876
870,877
565,878
870,879
71,880
881,882
162,883
881,884
881,885
162,886
446,887
162,888
162,889
446,890
553,891
881,892
302,893
881,894
565,895
860,896
553,897
881,898
15,899
233,900
12,901
42,902
903,904
903,905
903,906
167,907
446,908
860,909
113,910
903,911
67,912
565,913
162,914
167,915
67,916
903,917
15,918
903,919
294,920
121,921
922,923
704,924
68,925
523,927
68,928
697,930
365,932
30,933
931,934
283,935
646,936
327,937
299,940
553,941
20,942
15,943
222,944
676,946
468,947
202,948
949,950
318,951
41,952
73,953
683,955
673,956
954,957
713,958
80,960
411,961
134,962
231,963
389,964
959,965
718,966
959,967
959,968
959,969
959,970
74,971
959,972
73,973
200,974
411,975
531,977
731,978
976,979
980,981
596,982
374,983
980,984
374,985
676,986
980,987
374,988
96,989
374,990
374,991
586,993
992,994
374,995
596,996
110,997
992,998
959,1000
521,1001
374,1002
999,1003
525,1004
999,1005
676,1006
999,1007
110,1008
596,1009
178,1010
25,1011
15,1013
976,1015
980,1016
67,1017
116,1018
68,1019
1021,1022
1021,1023
73,1024
959,1025
73,1026
1021,1027
1021,1028
1021,1029
573,1030
1014,1031
1021,1032
73,1033
804,1036
200,1037
240,1038
217,1039
1040,1041
499,1042
1040,1043
212,1044
178,1045
1040,1046
440,1047
440,1048
1049,1050
1049,1051
51,1052
330,1053
1014,1055
15,1056
74,1057
96,1058
110,1060
330,1061
931,1062
521,1063
365,1064
361,1066
361,1067
43,1068
258,1069
231,1070
43,1071
1065,1072
25,1073
283,1074
108,1075
108,1076
468,1078
365,1079
184,1080
546,1081
1082,1083
233,1084
1082,1085
768,1086
246,1089
780,1090
380,1091
386,1092
1093,1094
1093,1095
1093,1096
1093,1097
1093,1098
330,1099
330,1100
52,1101
330,1102
1093,1103
47,1104
1093,1105
1093,1106
330,1107
1093,1108
330,1109
330,1110
126,1112
76,1115
486,1116
881,1118
1117,1119
130,1120
12,1122
1121,1123
75,1125
573,1126
579,1127
67,1129
768,1130
1128,1131
1121,1132
20,1133
20,1134
360,1135
90,1136
141,1138
47,1140
1141,1142
804,1143
201,1144
113,1145
63,1146
678,1147
58,1148
222,1150
1149,1151
246,1153
881,1154
209,1155
71,1156
365,1158
546,1159
926,1160
1157,1161
20,1162
824,1164
1163,1165
185,1166
1163,1167
117,1168
337,1170
1169,1171
12,1172
357,1173
189,1175
630,1176
780,1177
454,1178
1054,1179
499,1181
1180,1182
1180,1183
331,1184
331,1185
240,1186
154,1187
294,1188
1189,1190
468,1191
47,1192
52,1193
669,1194
1014,1195
468,1197
342,1198
1196,1199
100,1200
83,1201
1128,1203
768,1204
337,1205
468,1206
1196,1207
516,1208
531,1209
374,1210
287,1211
499,1212
139,1214
1196,1215
178,1216
646,1217
96,1218
96,1219
604,1221
553,1222
139,1223
71,1224
380,1225
523,1226
649,1227
287,1228
499,1229
499,1231
359,1232
278,1233
1180,1234
337,1235
162,1236
857,1237
12,1238
71,1239
380,1240
110,1241
903,1242
380,1243
380,1245
222,1246
1244,1247
380,1248
365,1249
573,1250
646,1251
380,1252
281,1253
25,1254
136,1256
374,1257
148,1258
285,1259
118,1260
73,1261
1255,1262
126,1263
380,1264
1265,1266
1265,1267
1265,1268
20,1269
1202,1270
100,1271
337,1272
517,1273
380,1275
30,1276
240,1277
337,1278
729,1279
432,1281
230,1282
285,1283
731,1284
1196,1285
108,1286
20,1287
1288,1289
411,1290
1288,1291
1292,1293
1292,1294
1292,1295
121,1296
860,1297
1292,1298
1292,1299
1292,1300
1292,1301
121,1302
1292,1303
121,1304
121,1305
41,1306
881,1307
1308,1309
1308,1310
531,1311
178,1312
824,1313
212,1314
1308,1315
780,1317
270,1318
1040,1319
161,1320
999,1321
67,1322
327,1323
154,1324
804,1325
1149,1326
1327,1328
1327,1329
560,1330
1327,1331
1327,1332
1327,1333
1327,1334
560,1335
1139,1336
1327,1337
30,1338
206,1339
1292,1340
1327,1341
560,1342
565,1343
206,1344
464,1345
206,1346
26,1347
1327,1348
1349,1350
69,1351
992,1352
1349,1353
824,1354
1349,1355
127,1356
41,1357
1358,1359
1358,1360
123,1361
121,1362
318,1363
565,1364
1358,1365
121,1366
318,1367
318,1369
1368,1370
161,1371
1372,1373
1372,1374
1372,1375
440,1376
68,1377
768,1378
15,1379
1372,1380
51,1381
184,1382
1292,1383
949,1384
71,1385
123,1386
41,1387
318,1389
206,1390
42,1391
83,1392
1388,1393
139,1395
1394,1396
359,1397
1398,1399
768,1400
278,1401
108,1402
116,1403
613,1404
731,1405
1157,1407
110,1408
321,1409
560,1410
1398,1411
110,1412
1413,1414
608,1415
121,1416
1372,1417
608,1418
780,1419
68,1420
25,1421
411,1423
1422,1424
718,1425
1422,1426
411,1427
704,1428
1422,1429
1422,1430
1422,1431
1422,1432
824,1433
110,1434
1422,1435
1422,1436
209,1437
718,1438
713,1439
1422,1440
718,1441
178,1442
704,1443
1422,1444
161,1445
1422,1446
139,1447
12,1448
531,1449
346,1450
206,1451
259,1452
1021,1454
71,1456
233,1457
1422,1458
202,1459
74,1460
41,1461
1455,1462
43,1463
411,1464
1465,1466
926,1467
83,1468
824,1469
634,1470
365,1471
374,1472
1157,1473
546,1474
102,1475
90,1476
1465,1477
102,1478
546,1479
1157,1481
374,1482
30,1483
1480,1484
1480,1485
596,1486
246,1487
713,1489
1111,1490
1488,1491
768,1492
1465,1493
931,1494
931,1495
231,1497
1496,1498
154,1499
302,1500
311,1501
1496,1502
139,1503
1496,1504
1496,1505
704,1506
713,1507
231,1508
704,1509
311,1510
1422,1511
259,1512
259,1513
704,1514
1496,1515
311,1516
154,1517
1422,1518
26,1519
1520,1521
1520,1522
47,1523
1520,1524
139,1525
1520,1526
361,1527
117,1528
299,1529
1520,1530
110,1531
299,1532
1520,1533
149,1534
1488,1535
110,1536
134,1538
90,1539
113,1540
1537,1541
73,1542
654,1543
1537,1544
1520,1545
299,1546
565,1547
73,1549
1548,1550
411,1551
1548,1552
1548,1553
1548,1554
299,1555
113,1556
80,1557
20,1558
23,1559
113,1560
23,1561
411,1562
380,1563
1537,1564
473,1565
473,1566
440,1567
473,1568
1520,1569
134,1570
1571,1572
374,1573
959,1574
780,1575
69,1576
41,1577
43,1578
1308,1579
154,1580
67,1581
454,1582
51,1583
1137,1584
25,1585
495,1586
1587,1588
43,1589
73,1590
108,1591
380,1592
399,1593
1308,1595
93,1596
74,1597
174,1598
1040,1599
1587,1600
1040,1601
93,1602
93,1603
48,1604
1605,1606
1605,1607
15,1608
270,1609
586,1610
117,1611
1594,1612
658,1613
233,1614
1316,1615
658,1616
1605,1617
1594,1618
959,1619
41,1620
299,1621
1605,1622
665,1623
113,1625
1274,1626
233,1627
718,1628
113,1629
74,1630
718,1631
729,1632
113,1633
270,1634
283,1635
73,1636
30,1637
646,1638
136,1639
48,1640
1624,1641
525,1642
1624,1643
1594,1644
270,1645
311,1646
42,1647
1292,1648
74,1649
131,1650
25,1651
177,1652
43,1653
116,1654
999,1655
1316,1656
240,1657
331,1658
1605,1659
270,1660
107,1661
646,1663
380,1664
162,1665
499,1666
1662,1667
1662,1668
499,1669
1088,1670
468,1671
1672,1673
331,1674
1265,1675
1672,1676
1662,1677
468,1678
380,1679
1059,1680
440,1681
67,1683
113,1684
113,1685
1274,1686
1244,1687
1040,1688
1274,1689
1662,1690
73,1691
1682,1692
299,1693
239,1694
15,1695
118,1696
393,1697
239,1698
222,1699
365,1700
1594,1701
489,1702
26,1703
929,1704
1594,1705
294,1706
23,1707
294,1708
330,1709
43,1710
30,1712
144,1713
1111,1714
42,1715
1398,1716
1065,1718
75,1719
1117,1720
1117,1721
939,1722
361,1723
63,1724
352,1725
1117,1726
283,1727
43,1728
682,1729
1034,1730
1717,1731
79,1732
75,1733
41,1734
1040,1735
1128,1736
23,1737
1349,1738
1128,1739
1035,1740
1717,1741
553,1742
1280,1743
167,1744
1093,1746
1745,1747
1745,1748
1745,1749
1093,1750
658,1751
480,1752
47,1753
454,1754
94,1755
37,1756
240,1757
480,1758
654,1759
1088,1760
30,1761
480,1762
37,1763
126,1764
1137,1765
1745,1766
483,1767
1149,1768
327,1769
1770,1771
1770,1772
83,1773
573,1774
141,1775
83,1776
83,1777
1770,1778
1327,1779
881,1780
804,1782
1781,1783
148,1784
110,1785
411,1786
184,1787
1040,1788
1781,1789
1157,1790
1781,1791
142,1792
1781,1793
1794,1795
298,1796
1682,1797
94,1798
586,1799
1794,1800
283,1801
330,1802
43,1803
546,1804
436,1805
360,1806
68,1807
87,1808
618,1810
139,1811
1809,1812
76,1813
278,1814
144,1815
1113,1816
608,1817
387,1818
1316,1819
496,1820
945,1821
658,1822
1413,1823
20,1824
321,1825
67,1826
181,1827
646,1828
190,1830
596,1831
75,1832
1093,1833
25,1834
69,1835
1111,1837
704,1838
646,1839
1398,1840
1111,1841
75,1843
1842,1844
1842,1845
259,1846
1842,1847
1836,1848
89,1849
1842,1850
608,1851
380,1852
360,1853
608,1854
43,1855
217,1856
56,1857
1605,1858
1859,1860
1859,1861
499,1862
499,1863
1327,1864
337,1865
1859,1866
12,1867
342,1868
148,1869
673,1870
148,1871
468,1872
287,1873
499,1874
499,1875
499,1876
499,1877
1859,1878
499,1879
1859,1880
1859,1881
1859,1882
1065,1883
43,1884
1308,1885
499,1886
1887,1888
1887,1889
337,1890
148,1891
1887,1892
499,1893
331,1894
148,1895
148,1896
148,1897
1887,1898
1887,1899
1887,1900
337,1901
1088,1902
1887,1903
1887,1904
1859,1905
1213,1906
1907,1908
852,1909
283,1910
999,1911
148,1912
73,1913
1316,1914
1859,1915
1349,1916
100,1917
468,1918
25,1919
1920,1921
468,1922
283,1923
74,1924
1520,1925
100,1926
1907,1927
1920,1928
1265,1929
148,1930
1265,1931
117,1932
148,1934
148,1935
69,1936
1933,1937
852,1938
1933,1939
742,1940
100,1941
96,1942
1933,1943
531,1944
100,1945
669,1946
285,1947
1920,1948
342,1949
149,1950
233,1951
1920,1952
1953,1954
1953,1955
1953,1956
1907,1957
1202,1958
1953,1959
1953,1960
468,1961
1953,1962
742,1963
148,1964
1920,1965
337,1966
1920,1967
737,1968
337,1969
100,1970
737,1971
71,1972
9,1973
337,1974
148,1975
1180,1977
1976,1978
1976,1979
94,1980
718,1981
113,1982
1587,1983
426,1984
1014,1985
1020,1986
704,1987
440,1988
14,1989
436,1990
116,1991
440,1992
1993,1994
1993,1995
302,1996
1993,1997
1993,1998
51,1999
1993,2000
331,2001
202,2002
1035,2003
25,2004
1021,2005
185,2007
2006,2008
399,2009
959,2010
399,2011
804,2012
185,2013
804,2014
294,2015
80,2016
399,2017
185,2018
824,2019
73,2020
2006,2021
2006,2022
185,2023
58,2024
58,2025
30,2026
202,2027
20,2028
804,2029
2006,2030
20,2031
185,2032
100,2033
73,2034
76,2035
374,2037
311,2038
1662,2039
704,2040
2036,2041
1021,2042
330,2043
311,2044
1021,2045
113,2046
311,2047
2036,2048
73,2049
2036,2050
311,2051
2036,2052
2036,2053
231,2054
299,2055
690,2056
231,2057
87,2058
311,2059
311,2060
25,2061
311,2062
184,2063
2036,2065
1196,2066
2064,2067
2064,2068
1021,2069
1035,2070
440,2071
1455,2072
1288,2073
322,2074
1993,2075
1020,2076
90,2077
119,2078
1021,2080
1020,2081
2079,2082
12,2083
299,2084
311,2085
435,2086
2079,2087
690,2088
1496,2089
2064,2090
1327,2091
230,2092
2079,2093
1496,2094
1496,2095
311,2096
2079,2097
976,2098
2036,2099
230,2100
74,2101
1014,2102
1455,2103
1453,2104
2079,2105
1021,2106
2079,2107
231,2108
230,2109
1021,2110
1453,2111
230,2112
2036,2113
1012,2114
713,2115
690,2116
565,2117
573,2119
579,2120
25,2121
713,2122
780,2123
58,2124
94,2125
2118,2126
704,2127
1594,2128
66,2129
26,2130
66,2131
565,2132
704,2133
66,2134
713,2135
440,2136
1021,2137
48,2138
154,2139
1012,2140
73,2141
683,2142
311,2143
954,2144
311,2145
2118,2146
23,2147
954,2148
2118,2149
66,2150
399,2151
1014,2152
713,2153
20,2154
1453,2155
26,2156
66,2157
954,2158
1327,2159
2079,2160
1976,2161
1976,2162
1976,2163
2164,2165
148,2166
1087,2167
665,2168
1196,2169
337,2170
75,2171
119,2172
499,2173
20,2174
1087,2175
25,2176
87,2177
1174,2178
546,2179
954,2180
178,2181
2182,2183
2182,2184
2182,2185
2182,2186
2182,2187
2182,2188
67,2189
176,2190
233,2191
41,2192
2182,2193
15,2194
903,2195
1316,2196
352,2197
1548,2198
780,2199
176,2200
658,2201
233,2202
658,2203
48,2204
209,2205
658,2206
352,2207
176,2208
493,2209
176,2210
63,2211
329,2212
852,2213
342,2214
239,2215
100,2216
1933,2218
2118,2219
847,2220
285,2221
1196,2222
2217,2223
468,2224
2217,2225
100,2226
768,2227
512,2228
12,2229
337,2230
374,2231
285,2232
100,2233
1040,2234
287,2235
1887,2236
496,2237
287,2238
2217,2239
287,2240
1953,2241
71,2242
1388,2243
25,2244
365,2245
9,2246
20,2247
189,2248
1035,2249
2250,2251
499,2252
2250,2253
58,2254
2250,2255
992,2256
2250,2257
2250,2258
579,2259
768,2260
374,2261
2250,2262
980,2263
74,2264
586,2265
992,2266
74,2267
525,2268
980,2269
74,2270
110,2271
980,2272
2250,2273
1316,2274
143,2275
596,2276
2217,2278
2277,2279
499,2280
604,2281
759,2282
2277,2283
2277,2284
2277,2285
992,2286
2277,2287
2250,2288
525,2289
980,2290
2250,2291
759,2292
2250,2293
25,2294
374,2295
525,2296
2277,2297
287,2298
2277,2299
117,2300
37,2301
454,2302
74,2303
992,2304
48,2305
87,2306
523,2307
1065,2308
51,2309
374,2310
1265,2311
523,2312
43,2313
2277,2314
1196,2315
25,2316
1012,2317
847,2318
621,2320
337,2321
499,2322
860,2323
331,2324
365,2325
2319,2326
181,2327
43,2328
460,2329
673,2330
2036,2331
2319,2332
1887,2333
190,2334
1993,2335
374,2337
1520,2338
625,2339
579,2340
440,2341
458,2342
154,2343
25,2344
1054,2345
625,2346
2336,2347
1077,2348
1065,2349
1113,2350
360,2351
1594,2352
298,2353
360,2354
52,2355
13,2356
1859,2357
117,2358
71,2359
52,2360
625,2361
460,2362
23,2363
625,2364
2336,2365
621,2366
26,2367
287,2368
2336,2369
184,2370
52,2371
669,2372
460,2373
107,2374
480,2375
258,2376
281,2377
480,2378
1605,2379
658,2380
35,2381
117,2382
1087,2383
1368,2384
1537,2385
285,2386
302,2387
231,2388
1157,2389
1117,2390
359,2391
1480,2392
52,2393
249,2394
51,2395
341,2396
30,2397
321,2398
321,2399
42,2400
42,2401
42,2402
1388,2403
42,2404
573,2406
2405,2407
2405,2408
860,2409
67,2410
573,2411
2405,2412
2405,2413
1292,2414
2405,2415
573,2416
2405,2417
67,2418
860,2419
176,2420
161,2421
42,2422
83,2423
2405,2424
560,2425
294,2426
881,2427
2405,2428
12,2429
560,2430
881,2431
222,2432
903,2433
1128,2434
56,2435
321,2436
161,2437
573,2438
206,2439
949,2440
553,2441
573,2442
13,2443
176,2444
25,2445
870,2446
139,2447
560,2448
121,2449
2217,2450
1368,2451
63,2452
560,2453
214,2454
181,2455
43,2456
52,2457
113,2458
1012,2459
294,2460
113,2461
1202,2462
287,2463
63,2464
1065,2465
329,2466
103,2467
214,2468
357,2469
949,2470
14,2471
672,2472
389,2473
201,2474
426,2475
768,2477
132,2478
144,2479
132,2480
2476,2481
48,2482
579,2483
68,2484
759,2485
435,2486
608,2487
1111,2488
435,2489
673,2490
287,2491
299,2492
132,2493
931,2494
922,2495
613,2496
89,2497
321,2498
486,2499
132,2500
89,2501
330,2502
1842,2503
938,2504
280,2505
270,2506
1388,2507
37,2508
330,2509
200,2510
463,2511
217,2512
341,2513
113,2514
79,2515
436,2516
352,2517
174,2518
729,2519
999,2520
426,2521
217,2522
113,2523
1745,2524
1587,2525
2064,2526
613,2527
1327,2528
121,2529
1368,2530
240,2531
1020,2532
48,2533
493,2534
174,2535
20,2536
493,2537
258,2538
281,2539
90,2540
281,2541
340,2542
352,2543
90,2544
176,2545
521,2546
13211.5
